1	 1.69
2	 1.63
3	 2.48
4	 1.62
5	 1.60
6	 1.67
7	 1.65
8	 1.66
9	 1.60
10	 1.61
11	 1.68
12	 1.66
13	 1.66
14	 1.62
15	 1.66
16	 1.60
17	 1.58
18	 1.60
19	 1.56
20	 1.66
21	 2.57
22	 1.58
23	 2.56
24	 1.61
25	 1.65
26	 1.67
27	 1.66
28	 1.81
29	 1.66
30	 1.59
31	 1.67
32	 1.66
33	 1.66
34	 1.59
35	 1.66
36	 1.66
37	 1.59
38	 1.66
39	 1.83
40	 1.66
41	 2.55
42	 2.58
43	 1.66
44	 1.61
45	 1.59
46	 1.66
47	 1.66
48	 1.66
49	 1.62
50	 1.68
51	 1.67
52	 1.77
53	 1.40
54	 1.67
55	 1.65
56	 1.61
57	 1.58
58	 2.00
59	 1.66
60	 2.53
61	 1.61
62	 2.52
63	 1.21
64	 1.66
65	 1.67
66	 1.65
67	 1.66
68	 1.67
69	 1.65
70	 1.59
71	 1.66
72	 1.65
73	 1.59
74	 1.66
75	 1.65
76	 1.61
77	 2.39
78	 1.65
79	 2.49
80	 1.66
81	 2.51
82	 1.66
83	 1.66
84	 1.65
85	 1.66
86	 2.00
87	 1.67
88	 1.63
89	 1.61
90	 1.58
91	 1.67
92	 1.66
93	 1.59
94	 1.61
95	 1.64
96	 1.65
97	 1.67
98	 1.66
99	 1.61
100	 2.51
101	 1.67
102	 2.51
103	 1.65
104	 1.60
105	 1.67
106	 1.61
107	 1.64
108	 1.59
109	 1.66
110	 1.61
111	 1.98
112	 1.66
113	 1.67
114	 1.66
115	 2.58
116	 1.67
117	 1.89
118	 1.66
119	 1.67
120	 1.62
121	 2.47
122	 1.64
123	 2.53
124	 1.67
125	 1.63
126	 1.95
127	 1.66
128	 1.68
129	 1.63
130	 1.65
131	 1.62
132	 1.61
133	 1.67
134	 1.61
135	 1.59
136	 1.66
137	 1.65
138	 1.65
139	 1.99
140	 1.66
141	 1.66
142	 2.71
143	 1.68
144	 4.71
145	 1.66
146	 1.61
147	 1.61
148	 1.62
149	 1.66
150	 1.59
151	 2.11
152	 1.66
153	 1.66
154	 1.84
155	 1.59
156	 1.67
157	 1.65
158	 2.02
159	 1.60
160	 1.63
161	 2.45
162	 1.58
163	 1.67
164	 2.61
165	 1.66
166	 1.66
167	 1.60
168	 1.62
169	 1.60
170	 1.58
171	 1.67
172	 1.60
173	 2.53
174	 1.93
175	 1.65
176	 1.65
177	 1.98
178	 1.62
179	 1.66
180	 2.24
181	 2.53
182	 1.67
183	 2.51
184	 1.66
185	 1.67
186	 1.66
187	 1.59
188	 1.60
189	 1.61
190	 1.58
191	 1.68
192	 1.65
193	 1.61
194	 1.64
195	 1.62
196	 1.64
197	 1.67
198	 1.66
199	 1.60
200	 2.59
201	 1.63
202	 1.87
203	 2.50
204	 1.65
205	 1.87
206	 1.59
207	 1.58
208	 1.61
209	 1.68
210	 1.66
211	 1.67
212	 1.66
213	 1.66
214	 1.67
215	 1.66
216	 1.60
217	 1.58
218	 1.66
219	 1.61
220	 1.66
221	 2.54
222	 2.62
223	 1.65
224	 2.49
225	 1.58
226	 2.00
227	 1.60
228	 1.67
229	 1.66
230	 1.66
231	 1.66
232	 1.66
233	 1.66
234	 1.66
235	 1.65
236	 1.65
237	 1.65
238	 1.60
239	 2.44
240	 1.66
241	 1.66
242	 1.66
243	 2.60
244	 1.66
245	 1.68
246	 1.66
247	 1.62
248	 1.66
249	 1.59
250	 1.59
251	 1.66
252	 1.65
253	 1.59
254	 1.67
255	 1.66
256	 1.60
257	 1.67
258	 2.49
259	 1.67
260	 1.66
261	 1.67
262	 1.66
263	 1.65
264	 2.44
265	 1.68
266	 1.66
267	 1.66
268	 1.64
269	 1.86
270	 1.66
271	 1.59
272	 1.67
273	 1.67
274	 1.59
275	 1.66
276	 2.06
277	 1.61
278	 1.58
279	 2.58
280	 1.20
281	 1.80
282	 1.66
283	 1.59
284	 1.64
285	 2.57
286	 1.65
287	 1.67
288	 1.61
289	 1.64
290	 1.65
291	 1.60
292	 1.67
293	 1.66
294	 1.66
295	 1.66
296	 1.66
297	 1.66
298	 1.60
299	 2.49
300	 1.61
301	 1.65
302	 1.61
303	 1.58
304	 1.24
305	 1.65
306	 2.98
307	 1.65
308	 1.66
309	 1.59
310	 1.61
311	 1.67
312	 1.66
313	 1.61
314	 1.66
315	 1.60
316	 2.45
317	 1.62
318	 1.58
319	 1.67
320	 1.66
321	 1.60
322	 1.62
323	 1.66
324	 1.67
325	 1.67
326	 1.65
327	 2.46
328	 1.59
329	 1.66
330	 1.66
331	 3.66
332	 1.62
333	 1.66
334	 1.61
335	 1.62
336	 2.53
337	 1.67
338	 1.67
339	 1.67
340	 1.60
341	 1.66
342	 1.60
343	 1.66
344	 1.66
345	 1.84
346	 1.64
347	 2.60
348	 1.59
349	 1.25
350	 1.67
351	 1.66
352	 2.40
353	 1.62
354	 1.66
355	 2.61
356	 1.87
357	 1.66
358	 1.66
359	 1.67
360	 1.55
361	 1.66
362	 1.66
363	 1.59
364	 1.66
365	 1.75
366	 2.56
367	 1.66
368	 1.61
369	 1.65
370	 1.66
371	 1.67
372	 1.67
373	 1.65
374	 1.67
375	 1.66
376	 2.54
377	 1.68
378	 1.68
379	 1.61
380	 1.62
381	 1.66
382	 1.75
383	 1.62
384	 1.64
385	 1.68
386	 2.57
387	 1.66
388	 1.66
389	 1.66
390	 1.61
391	 1.64
392	 1.59
393	 1.66
394	 1.67
395	 2.60
396	 1.64
397	 1.66
398	 1.66
399	 1.67
400	 1.66
401	 1.68
402	 1.83
403	 1.60
404	 1.66
405	 2.50
406	 1.66
407	 1.61
408	 1.63
409	 1.82
410	 1.62
411	 1.59
412	 1.66
413	 1.66
414	 3.50
415	 1.66
416	 2.57
417	 1.68
418	 1.68
419	 1.67
420	 1.62
421	 1.62
422	 1.64
423	 1.66
424	 1.61
425	 2.54
426	 1.64
427	 1.62
428	 1.62
429	 1.58
430	 1.61
431	 1.22
432	 2.74
433	 1.66
434	 1.61
435	 1.55
436	 1.66
437	 2.45
438	 1.58
439	 1.61
440	 1.65
441	 1.65
442	 1.66
443	 1.59
444	 2.52
445	 1.66
446	 1.66
447	 1.67
448	 1.66
449	 1.66
450	 1.67
451	 1.64
452	 1.68
453	 1.66
454	 1.66
455	 1.66
456	 2.62
457	 1.63
458	 1.66
459	 1.66
460	 1.61
461	 1.58
462	 1.66
463	 1.66
464	 1.66
465	 2.51
466	 1.60
467	 1.26
468	 1.60
469	 1.63
470	 1.62
471	 1.58
472	 1.67
473	 1.67
474	 1.61
475	 1.66
476	 1.67
477	 2.58
478	 1.66
479	 1.56
480	 1.65
481	 1.61
482	 1.66
483	 1.61
484	 1.66
485	 2.54
486	 1.59
487	 1.66
488	 1.60
489	 1.64
490	 1.67
491	 1.85
492	 1.66
493	 1.66
494	 1.62
495	 1.56
496	 1.68
497	 1.61
498	 2.51
499	 1.67
500	 1.66
501	 1.62
502	 1.66
503	 2.60
504	 1.60
505	 1.66
506	 1.61
507	 1.59
508	 1.61
509	 1.66
510	 1.66
511	 1.62
512	 1.61
513	 1.58
514	 1.64
515	 1.66
516	 1.66
517	 2.51
518	 1.66
519	 1.22
520	 1.60
521	 1.67
522	 1.48
523	 2.61
524	 1.68
525	 1.66
526	 1.66
527	 1.61
528	 1.59
529	 1.66
530	 1.66
531	 1.67
532	 1.66
533	 1.67
534	 2.57
535	 3.62
536	 1.63
537	 1.59
538	 1.31
539	 1.58
540	 1.67
541	 1.66
542	 2.38
543	 3.94
544	 2.06
545	 1.66
546	 1.66
547	 1.66
548	 1.16
549	 1.66
550	 1.61
551	 1.66
552	 1.61
553	 1.66
554	 1.67
555	 2.50
556	 1.68
557	 1.66
558	 1.93
559	 1.66
560	 1.59
561	 1.61
562	 2.54
563	 1.65
564	 1.94
565	 1.66
566	 1.61
567	 1.59
568	 1.68
569	 1.67
570	 1.66
571	 1.61
572	 1.66
573	 1.64
574	 1.63
575	 2.53
576	 1.66
577	 1.65
578	 1.62
579	 1.65
580	 2.62
581	 1.66
582	 1.66
583	 1.67
584	 1.66
585	 1.67
586	 1.56
587	 1.66
588	 1.66
589	 1.60
590	 1.64
591	 2.05
592	 1.60
593	 1.66
594	 1.65
595	 1.67
596	 1.66
597	 1.60
598	 1.67
599	 3.33
600	 1.66
601	 2.56
602	 1.66
603	 1.60
604	 1.64
605	 1.63
606	 1.68
607	 1.61
608	 1.66
609	 1.60
610	 1.61
611	 1.68
612	 2.80
613	 1.77
614	 2.46
615	 1.59
616	 1.84
617	 1.52
618	 1.65
619	 1.66
620	 1.65
621	 1.64
622	 2.62
623	 1.66
624	 1.66
625	 1.60
626	 2.08
627	 1.66
628	 1.66
629	 1.65
630	 1.66
631	 1.65
632	 3.56
633	 1.66
634	 1.60
635	 1.59
636	 1.61
637	 1.64
638	 1.59
639	 1.65
640	 1.66
641	 2.42
642	 1.70
643	 2.58
644	 1.62
645	 1.65
646	 1.66
647	 1.66
648	 1.61
649	 1.64
650	 1.61
651	 2.60
652	 1.66
653	 1.61
654	 1.65
655	 1.60
656	 1.66
657	 1.67
658	 1.66
659	 1.67
660	 1.67
661	 1.60
662	 1.64
663	 1.67
664	 2.60
665	 1.67
666	 1.61
667	 1.66
668	 1.61
669	 1.59
670	 1.66
671	 1.66
672	 2.16
673	 1.69
674	 1.66
675	 1.66
676	 1.66
677	 1.65
678	 1.66
679	 1.67
680	 1.62
681	 1.66
682	 1.68
683	 1.66
684	 1.66
685	 2.56
686	 1.66
687	 1.61
688	 1.62
689	 1.66
690	 1.61
691	 2.54
692	 1.66
693	 1.66
694	 1.88
695	 1.66
696	 1.67
697	 1.12
698	 1.66
699	 1.68
700	 1.66
701	 1.66
702	 1.61
703	 1.58
704	 1.69
705	 2.52
706	 1.66
707	 1.66
708	 1.57
709	 1.66
710	 1.71
711	 1.59
712	 2.43
713	 1.64
714	 1.66
715	 3.73
716	 1.66
717	 1.66
718	 1.62
719	 1.58
720	 1.67
721	 1.66
722	 1.66
723	 2.47
724	 2.53
725	 1.67
726	 1.89
727	 1.62
728	 1.66
729	 1.67
730	 1.61
731	 1.66
732	 2.60
733	 1.61
734	 1.87
735	 1.65
736	 1.61
737	 1.66
738	 1.48
739	 1.62
740	 1.66
741	 1.66
742	 1.66
743	 1.66
744	 2.41
745	 1.58
746	 1.66
747	 1.66
748	 1.66
749	 1.61
750	 1.59
751	 2.59
752	 1.66
753	 1.59
754	 1.66
755	 1.66
756	 1.66
757	 1.67
758	 1.91
759	 1.62
760	 1.63
761	 1.58
762	 1.67
763	 2.56
764	 1.66
765	 1.60
766	 1.66
767	 1.62
768	 1.61
769	 2.95
770	 1.66
771	 1.62
772	 1.66
773	 1.68
774	 1.66
775	 1.66
776	 1.65
777	 1.66
778	 1.67
779	 1.62
780	 1.58
781	 1.66
782	 1.66
783	 2.53
784	 1.61
785	 1.62
786	 1.66
787	 1.65
788	 2.45
789	 1.58
790	 1.96
791	 1.61
792	 1.59
793	 1.66
794	 1.67
795	 1.66
796	 1.67
797	 1.61
798	 1.60
799	 1.58
800	 1.66
801	 1.60
802	 2.45
803	 1.99
804	 1.61
805	 1.60
806	 1.67
807	 1.66
808	 2.50
809	 1.66
810	 1.61
811	 1.64
812	 1.50
813	 1.67
814	 1.66
815	 1.68
816	 1.66
817	 1.85
818	 1.68
819	 1.30
820	 2.18
821	 1.64
822	 1.57
823	 2.57
824	 1.59
825	 1.58
826	 1.21
827	 2.81
828	 1.66
829	 1.65
830	 1.61
831	 1.66
832	 1.56
833	 1.58
834	 1.62
835	 1.66
836	 1.67
837	 1.66
838	 1.61
839	 1.63
840	 1.59
841	 1.63
842	 1.66
843	 1.63
844	 2.59
845	 3.11
846	 2.54
847	 1.59
848	 1.67
849	 1.62
850	 1.66
851	 1.66
852	 1.59
853	 1.66
854	 1.66
855	 1.67
856	 1.66
857	 1.45
858	 1.66
859	 1.66
860	 1.67
861	 1.69
862	 1.60
863	 1.63
864	 1.66
865	 2.52
866	 1.66
867	 2.51
868	 1.61
869	 1.67
870	 1.62
871	 1.58
872	 1.21
873	 1.68
874	 1.60
875	 1.67
876	 1.67
877	 1.61
878	 1.59
879	 2.53
880	 1.66
881	 1.66
882	 1.58
883	 1.66
884	 1.66
885	 1.60
886	 2.63
887	 1.65
888	 2.59
889	 1.57
890	 1.67
891	 1.66
892	 1.60
893	 1.67
894	 1.64
895	 1.69
896	 1.66
897	 1.63
898	 1.65
899	 1.67
900	 1.66
901	 1.61
902	 1.66
903	 1.59
904	 1.66
905	 1.66
906	 1.66
907	 2.49
908	 2.52
909	 1.41
910	 1.61
911	 1.66
912	 1.66
913	 1.66
914	 1.66
915	 1.60
916	 1.64
917	 1.66
918	 1.65
919	 1.66
920	 1.66
921	 1.62
922	 1.64
923	 1.58
924	 1.62
925	 2.47
926	 1.64
927	 2.50
928	 1.58
929	 1.58
930	 1.66
931	 1.90
932	 1.66
933	 1.67
934	 1.66
935	 1.66
936	 2.24
937	 1.66
938	 1.66
939	 1.65
940	 1.66
941	 4.15
942	 1.66
943	 1.60
944	 1.66
945	 1.60
946	 3.32
947	 1.61
948	 1.64
949	 1.45
950	 3.08
951	 1.67
952	 1.67
953	 1.68
954	 1.66
955	 1.66
956	 1.62
957	 1.59
958	 1.62
959	 3.99
960	 1.60
961	 1.83
962	 1.61
963	 1.59
964	 1.66
965	 2.32
966	 1.67
967	 3.46
968	 1.60
969	 1.66
970	 1.66
971	 1.66
972	 1.66
973	 1.66
974	 1.67
975	 1.66
976	 1.66
977	 1.60
978	 1.62
979	 1.61
980	 1.66
981	 1.60
982	 1.67
983	 1.63
984	 1.58
985	 1.66
986	 1.67
987	 1.60
988	 3.36
989	 1.66
990	 1.65
991	 1.61
992	 1.66
993	 1.61
994	 1.67
995	 1.66
996	 1.60
997	 1.64
998	 1.66
999	 1.66
1000	 1.66
1001	 1.60
1002	 1.66
1003	 1.60
1004	 1.61
1005	 1.66
1006	 2.50
1007	 1.61
1008	 2.58
1009	 1.69
1010	 1.63
1011	 1.62
1012	 1.66
1013	 1.91
1014	 1.57
1015	 1.66
1016	 1.66
1017	 1.66
1018	 1.66
1019	 1.67
1020	 1.62
1021	 1.65
1022	 1.63
1023	 1.61
1024	 1.66
1025	 2.61
1026	 1.66
1027	 2.61
1028	 1.66
1029	 1.66
1030	 1.66
1031	 1.66
1032	 1.59
1033	 1.61
1034	 1.16
1035	 1.62
1036	 1.66
1037	 1.66
1038	 1.30
1039	 1.67
1040	 1.62
1041	 1.66
1042	 1.61
1043	 1.64
1044	 1.61
1045	 2.56
1046	 1.42
1047	 1.65
1048	 2.44
1049	 2.42
1050	 1.61
1051	 1.64
1052	 1.65
1053	 1.61
1054	 1.66
1055	 1.61
1056	 1.66
1057	 1.61
1058	 1.66
1059	 1.66
1060	 1.11
1061	 1.59
1062	 1.67
1063	 2.59
1064	 1.64
1065	 1.66
1066	 1.65
1067	 1.13
1068	 2.55
1069	 4.11
1070	 1.67
1071	 1.60
1072	 1.68
1073	 1.66
1074	 1.66
1075	 1.63
1076	 1.58
1077	 1.58
1078	 1.60
1079	 1.61
1080	 1.58
1081	 1.62
1082	 2.40
1083	 1.11
1084	 1.66
1085	 1.67
1086	 4.16
1087	 1.66
1088	 2.57
1089	 1.66
1090	 1.66
1091	 1.62
1092	 1.57
1093	 1.62
1094	 1.61
1095	 1.66
1096	 1.60
1097	 2.07
1098	 1.66
1099	 1.59
1100	 1.64
1101	 1.66
1102	 1.18
1103	 3.57
1104	 1.61
1105	 1.64
1106	 1.66
1107	 2.55
1108	 1.66
1109	 1.93
1110	 1.58
1111	 1.62
1112	 1.66
1113	 1.97
1114	 1.63
1115	 1.61
1116	 1.65
1117	 1.61
1118	 1.66
1119	 1.67
1120	 1.61
1121	 1.66
1122	 1.66
1123	 1.62
1124	 2.56
1125	 1.63
1126	 2.12
1127	 2.51
1128	 1.60
1129	 1.66
1130	 1.38
1131	 1.61
1132	 1.66
1133	 1.63
1134	 1.66
1135	 1.60
1136	 1.67
1137	 1.66
1138	 1.66
1139	 1.66
1140	 1.66
1141	 1.40
1142	 2.98
1143	 1.60
1144	 1.67
1145	 2.47
1146	 2.59
1147	 1.63
1148	 1.65
1149	 1.67
1150	 1.61
1151	 2.01
1152	 1.66
1153	 1.66
1154	 1.67
1155	 1.66
1156	 1.66
1157	 1.66
1158	 1.67
1159	 1.67
1160	 1.66
1161	 1.67
1162	 1.66
1163	 2.61
1164	 1.61
1165	 1.66
1166	 1.66
1167	 2.50
1168	 1.62
1169	 1.61
1170	 1.67
1171	 2.06
1172	 1.66
1173	 1.66
1174	 1.28
1175	 1.64
1176	 1.66
1177	 1.66
1178	 1.61
1179	 1.59
1180	 1.60
1181	 1.66
1182	 2.52
1183	 1.66
1184	 1.67
1185	 1.66
1186	 1.66
1187	 2.97
1188	 1.59
1189	 1.67
1190	 1.66
1191	 1.61
1192	 1.58
1193	 1.61
1194	 1.58
1195	 1.61
1196	 1.66
1197	 1.66
1198	 2.08
1199	 1.66
1200	 2.25
1201	 1.66
1202	 2.75
1203	 1.83
1204	 1.60
1205	 1.66
1206	 2.12
1207	 1.66
1208	 1.62
1209	 1.73
1210	 1.78
1211	 1.61
1212	 1.61
1213	 1.61
1214	 1.60
1215	 1.88
1216	 1.63
1217	 1.58
1218	 1.66
1219	 1.61
1220	 1.66
1221	 1.66
1222	 1.67
1223	 1.61
1224	 1.62
1225	 1.61
1226	 2.48
1227	 1.66
1228	 1.67
1229	 1.61
1230	 2.28
1231	 1.85
1232	 1.66
1233	 1.66
1234	 1.65
1235	 1.65
1236	 1.87
1237	 1.66
1238	 2.60
1239	 1.66
1240	 1.61
1241	 1.67
1242	 1.66
1243	 1.62
1244	 1.58
1245	 1.67
1246	 1.66
1247	 2.52
1248	 1.58
1249	 1.62
1250	 1.64
1251	 1.32
1252	 1.64
1253	 1.61
1254	 1.58
1255	 1.66
1256	 1.65
1257	 2.35
1258	 1.61
1259	 1.58
1260	 1.68
1261	 1.40
1262	 1.66
1263	 2.03
1264	 1.61
1265	 1.67
1266	 2.59
1267	 2.18
1268	 3.77
1269	 1.60
1270	 1.66
1271	 1.60
1272	 1.61
1273	 1.65
1274	 1.65
1275	 1.66
1276	 1.59
1277	 1.66
1278	 4.73
1279	 1.66
1280	 1.66
1281	 1.66
1282	 1.66
1283	 1.62
1284	 1.68
1285	 1.62
1286	 2.50
1287	 1.68
1288	 4.30
1289	 1.66
1290	 1.61
1291	 1.21
1292	 2.84
1293	 1.59
1294	 1.56
1295	 1.66
1296	 1.65
1297	 1.09
1298	 1.65
1299	 1.74
1300	 1.58
1301	 1.58
1302	 1.61
1303	 1.63
1304	 1.66
1305	 1.58
1306	 1.66
1307	 2.58
1308	 1.66
1309	 1.66
1310	 1.66
1311	 1.68
1312	 1.60
1313	 1.67
1314	 1.66
1315	 1.60
1316	 1.62
1317	 1.57
1318	 2.59
1319	 1.66
1320	 1.66
1321	 1.66
1322	 1.61
1323	 1.58
1324	 1.67
1325	 1.68
1326	 1.66
1327	 1.66
1328	 3.38
1329	 1.65
1330	 1.61
1331	 1.66
1332	 3.45
1333	 1.63
1334	 1.66
1335	 1.66
1336	 1.66
1337	 1.66
1338	 1.67
1339	 2.51
1340	 1.66
1341	 1.60
1342	 1.64
1343	 1.65
1344	 1.23
1345	 1.60
1346	 1.91
1347	 1.61
1348	 1.65
1349	 2.53
1350	 1.57
1351	 1.62
1352	 1.66
1353	 1.61
1354	 1.67
1355	 1.16
1356	 1.59
1357	 1.68
1358	 1.62
1359	 1.66
1360	 2.23
1361	 1.66
1362	 1.64
1363	 1.61
1364	 1.66
1365	 1.66
1366	 1.61
1367	 1.68
1368	 1.53
1369	 1.67
1370	 2.54
1371	 1.61
1372	 1.61
1373	 1.38
1374	 1.66
1375	 1.66
1376	 1.66
1377	 1.66
1378	 1.66
1379	 1.61
1380	 1.59
1381	 2.51
1382	 1.66
1383	 1.24
1384	 1.67
1385	 1.60
1386	 1.58
1387	 1.92
1388	 1.67
1389	 1.66
1390	 2.53
1391	 1.65
1392	 1.66
1393	 1.66
1394	 1.61
1395	 1.59
1396	 1.66
1397	 1.66
1398	 1.65
1399	 1.82
1400	 2.44
1401	 1.66
1402	 1.66
1403	 1.13
1404	 1.66
1405	 1.60
1406	 1.66
1407	 1.60
1408	 1.61
1409	 2.47
1410	 1.61
1411	 1.64
1412	 2.47
1413	 1.67
1414	 1.61
1415	 1.62
1416	 1.68
1417	 1.66
1418	 1.66
1419	 1.60
1420	 2.55
1421	 1.66
1422	 1.60
1423	 1.63
1424	 1.64
1425	 1.62
1426	 1.66
1427	 1.62
1428	 1.61
1429	 2.59
1430	 1.66
1431	 1.63
1432	 1.64
1433	 1.65
1434	 1.38
1435	 1.66
1436	 1.61
1437	 1.66
1438	 1.66
1439	 2.58
1440	 1.67
1441	 1.58
1442	 1.58
1443	 1.66
1444	 1.61
1445	 1.66
1446	 1.66
1447	 1.66
1448	 2.57
1449	 1.58
1450	 1.67
1451	 1.62
1452	 1.65
1453	 1.58
1454	 1.64
1455	 1.66
1456	 1.61
1457	 1.66
1458	 1.68
1459	 1.63
1460	 1.59
1461	 2.54
1462	 1.66
1463	 1.67
1464	 1.67
1465	 1.66
1466	 1.66
1467	 1.66
1468	 1.66
1469	 2.53
1470	 2.30
1471	 1.62
1472	 1.60
1473	 1.65
1474	 1.65
1475	 1.66
1476	 1.66
1477	 2.58
1478	 2.38
1479	 1.67
1480	 1.61
1481	 1.43
1482	 1.66
1483	 1.66
1484	 1.66
1485	 1.57
1486	 1.66
1487	 1.62
1488	 1.65
1489	 1.66
1490	 2.50
1491	 1.66
1492	 1.61
1493	 1.64
1494	 1.35
1495	 1.66
1496	 1.61
1497	 2.57
1498	 2.21
1499	 1.66
1500	 1.63
1501	 1.65
1502	 1.60
1503	 1.66
1504	 1.61
1505	 1.66
1506	 1.40
1507	 1.61
1508	 1.59
1509	 1.15
1510	 1.66
1511	 3.00
1512	 1.67
1513	 1.67
1514	 1.66
1515	 1.67
1516	 3.43
1517	 1.66
1518	 1.60
1519	 1.66
1520	 1.66
1521	 1.66
1522	 1.67
1523	 1.66
1524	 1.62
1525	 1.13
1526	 2.77
1527	 1.64
1528	 1.34
1529	 1.66
1530	 1.67
1531	 2.42
1532	 1.67
1533	 1.58
1534	 1.63
1535	 1.61
1536	 1.58
1537	 1.60
1538	 1.66
1539	 1.66
1540	 1.61
1541	 1.67
1542	 1.43
1543	 1.67
1544	 1.61
1545	 1.64
1546	 1.61
1547	 1.64
1548	 1.62
1549	 1.55
1550	 2.54
1551	 1.67
1552	 1.62
1553	 1.64
1554	 3.33
1555	 1.59
1556	 1.77
1557	 1.62
1558	 1.64
1559	 1.66
1560	 1.67
1561	 1.62
1562	 1.66
1563	 1.62
1564	 1.63
1565	 1.65
1566	 1.60
1567	 1.66
1568	 1.59
1569	 1.47
1570	 1.66
1571	 6.01
1572	 1.58
1573	 3.56
1574	 1.64
1575	 1.66
1576	 1.62
1577	 1.66
1578	 3.67
1579	 1.62
1580	 1.66
1581	 1.60
1582	 1.61
1583	 1.66
1584	 1.67
1585	 1.66
1586	 1.66
1587	 1.67
1588	 1.66
1589	 1.62
1590	 1.58
1591	 1.59
1592	 2.52
1593	 2.59
1594	 1.66
1595	 1.66
1596	 1.61
1597	 1.67
1598	 1.61
1599	 1.66
1600	 1.56
1601	 1.54
1602	 1.55
1603	 1.56
1604	 1.56
1605	 1.67
1606	 1.56
1607	 1.64
1608	 1.59
1609	 1.67
1610	 1.63
1611	 1.67
1612	 3.44
1613	 1.41
1614	 1.66
1615	 1.66
1616	 1.67
1617	 1.63
1618	 1.66
1619	 1.67
1620	 1.92
1621	 1.66
1622	 1.45
1623	 1.65
1624	 1.62
1625	 1.66
1626	 1.60
1627	 1.62
1628	 1.66
1629	 1.66
1630	 3.42
1631	 1.58
1632	 1.67
1633	 1.33
1634	 1.65
1635	 1.66
1636	 1.63
1637	 1.67
1638	 1.75
1639	 1.64
1640	 1.66
1641	 1.61
1642	 1.64
1643	 1.66
1644	 1.67
1645	 1.66
1646	 1.68
1647	 1.60
1648	 1.96
1649	 2.25
1650	 1.42
1651	 5.40
1652	 1.63
1653	 1.66
1654	 1.59
1655	 1.65
1656	 1.66
1657	 1.62
1658	 1.66
1659	 1.60
1660	 1.66
1661	 1.66
1662	 1.60
1663	 1.62
1664	 1.59
1665	 1.66
1666	 1.66
1667	 1.60
1668	 1.66
1669	 1.62
1670	 1.83
1671	 2.47
1672	 3.55
1673	 1.62
1674	 1.58
1675	 2.73
1676	 1.67
1677	 1.62
1678	 1.62
1679	 1.59
1680	 1.66
1681	 1.59
1682	 1.62
1683	 1.58
1684	 1.66
1685	 1.66
1686	 1.62
1687	 1.59
1688	 1.67
1689	 1.66
1690	 2.44
1691	 1.59
1692	 1.67
1693	 1.61
1694	 1.66
1695	 1.66
1696	 1.63
1697	 1.67
1698	 1.66
1699	 1.61
1700	 1.66
1701	 1.62
1702	 1.66
1703	 1.66
1704	 1.60
1705	 1.62
1706	 1.66
1707	 1.60
1708	 1.66
1709	 1.67
1710	 1.88
1711	 2.47
1712	 2.48
1713	 1.62
1714	 1.62
1715	 1.64
1716	 1.62
1717	 1.66
1718	 1.66
1719	 1.66
1720	 1.61
1721	 1.88
1722	 1.66
1723	 1.66
1724	 1.66
1725	 1.61
1726	 1.65
1727	 1.66
1728	 1.60
1729	 1.26
1730	 1.66
1731	 3.54
1732	 2.59
1733	 1.55
1734	 1.67
1735	 1.60
1736	 1.58
1737	 2.24
1738	 1.64
1739	 1.66
1740	 1.59
1741	 1.66
1742	 1.66
1743	 1.61
1744	 1.67
1745	 1.66
1746	 1.61
1747	 1.66
1748	 1.62
1749	 1.58
1750	 1.66
1751	 1.60
1752	 3.42
1753	 1.65
1754	 1.66
1755	 1.61
1756	 1.62
1757	 1.64
1758	 1.60
1759	 1.68
1760	 1.66
1761	 1.66
1762	 1.66
1763	 1.48
1764	 3.12
1765	 1.66
1766	 1.65
1767	 1.66
1768	 1.66
1769	 1.61
1770	 1.94
1771	 2.57
1772	 1.67
1773	 1.66
1774	 3.32
1775	 1.58
1776	 1.66
1777	 1.62
1778	 1.62
1779	 1.58
1780	 1.66
1781	 1.66
1782	 1.66
1783	 1.66
1784	 1.66
1785	 1.66
1786	 1.60
1787	 1.94
1788	 1.66
1789	 2.59
1790	 1.10
1791	 1.58
1792	 2.59
1793	 1.67
1794	 1.60
1795	 1.68
1796	 1.66
1797	 1.65
1798	 1.67
1799	 1.66
1800	 1.60
1801	 1.62
1802	 1.61
1803	 1.58
1804	 1.62
1805	 1.67
1806	 1.66
1807	 1.61
1808	 1.66
1809	 1.66
1810	 2.68
1811	 1.61
1812	 1.59
1813	 2.47
1814	 1.67
1815	 1.67
1816	 1.13
1817	 1.66
1818	 1.66
1819	 1.67
1820	 1.67
1821	 2.05
1822	 1.66
1823	 1.67
1824	 1.66
1825	 1.59
1826	 1.67
1827	 1.43
1828	 1.61
1829	 1.67
1830	 2.55
1831	 1.62
1832	 1.66
1833	 2.98
1834	 1.62
1835	 1.66
1836	 1.67
1837	 1.63
1838	 1.66
1839	 1.31
1840	 1.66
1841	 1.66
1842	 1.66
1843	 1.68
1844	 1.61
1845	 1.66
1846	 1.61
1847	 1.62
1848	 2.46
1849	 1.65
1850	 1.62
1851	 1.58
1852	 2.18
1853	 1.66
1854	 1.61
1855	 1.59
1856	 1.66
1857	 1.66
1858	 1.62
1859	 1.62
1860	 1.58
1861	 1.56
1862	 1.88
1863	 1.68
1864	 1.61
1865	 1.59
1866	 1.66
1867	 1.65
1868	 2.44
1869	 1.67
1870	 1.61
1871	 1.64
1872	 1.62
1873	 2.48
1874	 1.64
1875	 1.60
1876	 1.64
1877	 1.66
1878	 1.67
1879	 1.67
1880	 1.66
1881	 1.65
1882	 1.65
1883	 1.66
1884	 1.61
1885	 1.14
1886	 1.67
1887	 2.49
1888	 1.66
1889	 1.61
1890	 1.58
1891	 1.90
1892	 1.18
1893	 2.46
1894	 1.60
1895	 1.67
1896	 1.66
1897	 1.61
1898	 1.61
1899	 1.61
1900	 1.61
1901	 1.66
1902	 1.65
1903	 1.59
1904	 1.67
1905	 1.67
1906	 1.61
1907	 1.60
1908	 1.66
1909	 1.59
1910	 1.61
1911	 1.65
1912	 1.61
1913	 2.53
1914	 1.60
1915	 1.65
1916	 1.82
1917	 1.54
1918	 1.61
1919	 1.58
1920	 1.64
1921	 1.60
1922	 2.50
1923	 1.65
1924	 1.60
1925	 1.66
1926	 1.65
1927	 1.66
1928	 1.62
1929	 1.58
1930	 1.61
1931	 1.62
1932	 2.55
1933	 1.66
1934	 1.66
1935	 1.59
1936	 1.61
1937	 1.58
1938	 1.66
1939	 1.66
1940	 1.61
1941	 1.57
1942	 1.66
1943	 2.59
1944	 2.96
1945	 1.60
1946	 1.66
1947	 1.60
1948	 1.66
1949	 1.66
1950	 2.63
1951	 1.61
1952	 2.52
1953	 1.67
1954	 1.66
1955	 1.67
1956	 1.60
1957	 1.65
1958	 1.66
1959	 1.62
1960	 1.66
1961	 1.59
1962	 1.64
1963	 2.60
1964	 1.97
1965	 1.61
1966	 1.57
1967	 1.64
1968	 1.66
1969	 1.67
1970	 1.66
1971	 1.65
1972	 1.65
1973	 1.66
1974	 1.65
1975	 1.59
1976	 1.58
1977	 2.54
1978	 1.61
1979	 1.62
1980	 1.61
1981	 1.62
1982	 2.52
1983	 1.58
1984	 1.61
1985	 1.61
1986	 1.58
1987	 1.82
1988	 1.66
1989	 1.67
1990	 1.61
1991	 1.81
1992	 1.81
1993	 1.67
1994	 1.67
1995	 1.61
1996	 1.67
1997	 1.62
1998	 2.44
1999	 1.61
2000	 1.67
2001	 2.20
2002	 1.61
2003	 1.67
2004	 1.66
2005	 1.25
2006	 1.66
2007	 1.66
2008	 1.65
2009	 1.67
2010	 1.67
2011	 1.60
2012	 1.62
2013	 1.65
2014	 1.62
2015	 1.58
2016	 1.66
2017	 1.61
2018	 2.02
2019	 2.58
2020	 1.59
2021	 1.64
2022	 2.49
2023	 1.37
2024	 1.66
2025	 1.66
2026	 1.62
2027	 1.58
2028	 1.66
2029	 1.88
2030	 1.64
2031	 1.66
2032	 1.66
2033	 1.62
2034	 1.60
2035	 1.91
2036	 1.66
2037	 1.66
2038	 1.66
2039	 2.65
2040	 2.44
2041	 1.58
2042	 1.62
2043	 2.81
2044	 1.60
2045	 1.66
2046	 1.60
2047	 1.66
2048	 1.62
2049	 1.64
2050	 1.65
2051	 1.66
2052	 1.57
2053	 1.61
2054	 1.21
2055	 1.61
2056	 1.65
2057	 1.65
2058	 1.96
2059	 1.66
2060	 2.59
2061	 1.65
2062	 1.65
2063	 2.56
2064	 1.59
2065	 1.62
2066	 1.57
2067	 1.66
2068	 1.61
2069	 1.59
2070	 1.29
2071	 1.66
2072	 1.66
2073	 1.59
2074	 1.61
2075	 1.64
2076	 1.66
2077	 1.66
2078	 1.67
2079	 2.55
2080	 2.49
2081	 1.66
2082	 1.61
2083	 1.62
2084	 1.59
2085	 1.86
2086	 1.66
2087	 1.66
2088	 1.66
2089	 1.62
2090	 1.67
2091	 1.59
2092	 1.61
2093	 1.66
2094	 1.62
2095	 1.66
2096	 1.62
2097	 1.48
2098	 2.33
2099	 1.66
2100	 2.65
2101	 2.51
2102	 1.61
2103	 1.64
2104	 1.60
2105	 1.88
2106	 1.62
2107	 1.62
2108	 1.80
2109	 1.58
2110	 3.94
2111	 1.66
2112	 1.60
2113	 1.66
2114	 1.60
2115	 1.66
2116	 1.66
2117	 1.62
2118	 1.59
2119	 1.66
2120	 2.56
2121	 1.88
2122	 2.44
2123	 1.61
2124	 1.58
2125	 1.26
2126	 1.66
2127	 1.67
2128	 1.60
2129	 1.66
2130	 1.60
2131	 1.67
2132	 1.61
2133	 1.62
2134	 1.66
2135	 1.66
2136	 1.66
2137	 1.67
2138	 1.67
2139	 2.59
2140	 3.21
2141	 1.66
2142	 1.60
2143	 2.72
2144	 1.61
2145	 1.61
2146	 1.61
2147	 1.62
2148	 1.66
2149	 1.66
2150	 1.66
2151	 1.65
2152	 1.66
2153	 1.62
2154	 1.68
2155	 1.66
2156	 1.66
2157	 1.60
2158	 4.51
2159	 1.66
2160	 1.61
2161	 1.53
2162	 1.66
2163	 1.67
2164	 1.58
2165	 1.67
2166	 1.60
2167	 1.24
2168	 2.78
2169	 1.58
2170	 1.66
2171	 1.66
2172	 1.61
2173	 1.58
2174	 1.66
2175	 1.67
2176	 1.67
2177	 3.51
2178	 2.48
2179	 1.83
2180	 1.66
2181	 1.67
2182	 1.66
2183	 1.66
2184	 1.65
2185	 1.67
2186	 1.66
2187	 1.60
2188	 1.56
2189	 1.66
2190	 1.66
2191	 1.66
2192	 1.66
2193	 1.62
2194	 1.62
2195	 1.65
2196	 1.67
2197	 2.55
2198	 2.54
2199	 2.07
2200	 1.67
2201	 1.62
2202	 1.65
2203	 1.61
2204	 1.61
2205	 1.61
2206	 1.61
2207	 1.66
2208	 1.66
2209	 1.61
2210	 1.61
2211	 1.66
2212	 1.90
2213	 1.66
2214	 1.66
2215	 1.62
2216	 1.64
2217	 2.61
2218	 2.56
2219	 1.66
2220	 1.66
2221	 1.60
2222	 1.62
2223	 1.61
2224	 1.64
2225	 1.66
2226	 1.60
2227	 1.67
2228	 1.66
2229	 1.66
2230	 2.03
2231	 1.62
2232	 1.58
2233	 2.00
2234	 2.52
2235	 1.60
2236	 1.66
2237	 2.48
2238	 1.58
2239	 1.66
2240	 1.67
2241	 2.01
2242	 1.67
2243	 1.66
2244	 1.66
2245	 1.61
2246	 1.64
2247	 1.66
2248	 1.66
2249	 1.66
2250	 1.67
2251	 1.67
2252	 1.66
2253	 1.66
2254	 1.60
2255	 2.31
2256	 1.62
2257	 1.61
2258	 2.56
2259	 1.62
2260	 1.66
2261	 1.63
2262	 1.58
2263	 1.61
2264	 1.58
2265	 1.61
2266	 1.66
2267	 1.66
2268	 1.66
2269	 2.06
2270	 1.66
2271	 1.66
2272	 1.60
2273	 1.66
2274	 1.66
2275	 1.66
2276	 2.55
2277	 1.58
2278	 1.66
2279	 2.49
2280	 1.67
2281	 1.61
2282	 1.66
2283	 1.38
2284	 1.93
2285	 1.66
2286	 1.66
2287	 1.65
2288	 1.61
2289	 1.61
2290	 1.66
2291	 1.67
2292	 2.06
2293	 1.66
2294	 1.34
2295	 1.60
2296	 1.61
2297	 2.29
2298	 1.64
2299	 1.62
2300	 2.54
2301	 1.66
2302	 1.61
2303	 1.66
2304	 1.60
2305	 1.62
2306	 1.58
2307	 1.85
2308	 1.61
2309	 1.66
2310	 1.28
2311	 1.66
2312	 1.65
2313	 1.66
2314	 1.67
2315	 1.63
2316	 2.51
2317	 1.61
2318	 1.61
2319	 1.66
2320	 1.62
2321	 2.50
2322	 2.57
2323	 1.83
2324	 2.88
2325	 1.66
2326	 1.60
2327	 1.66
2328	 1.67
2329	 1.61
2330	 1.64
2331	 1.66
2332	 1.62
2333	 1.66
2334	 1.67
2335	 1.62
2336	 2.51
2337	 1.67
2338	 1.66
2339	 1.66
2340	 1.63
2341	 2.99
2342	 1.66
2343	 1.66
2344	 1.66
2345	 1.66
2346	 1.66
2347	 1.62
2348	 1.61
2349	 1.57
2350	 1.59
2351	 1.67
2352	 1.67
2353	 1.66
2354	 1.67
2355	 2.59
2356	 1.61
2357	 1.50
2358	 1.66
2359	 1.62
2360	 2.56
2361	 1.63
2362	 1.62
2363	 1.66
2364	 1.60
2365	 1.62
2366	 1.66
2367	 1.62
2368	 1.66
2369	 1.43
2370	 1.66
2371	 1.60
2372	 1.66
2373	 1.62
2374	 1.66
2375	 1.66
2376	 1.96
2377	 1.66
2378	 1.66
2379	 1.66
2380	 2.54
2381	 1.33
2382	 1.62
2383	 1.67
2384	 1.66
2385	 1.66
2386	 1.66
2387	 1.90
2388	 1.98
2389	 1.66
2390	 1.66
2391	 1.96
2392	 1.62
2393	 1.62
2394	 4.52
2395	 1.57
2396	 1.66
2397	 1.67
2398	 1.62
2399	 3.01
2400	 1.66
2401	 1.67
2402	 1.66
2403	 1.66
2404	 1.66
2405	 1.66
2406	 1.66
2407	 1.59
2408	 1.61
2409	 1.58
2410	 1.67
2411	 1.66
2412	 1.60
2413	 2.60
2414	 2.80
2415	 1.67
2416	 1.66
2417	 1.66
2418	 1.66
2419	 1.63
2420	 2.56
2421	 1.61
2422	 1.61
2423	 1.58
2424	 1.21
2425	 1.62
2426	 2.30
2427	 1.67
2428	 1.67
2429	 1.67
2430	 1.53
2431	 1.66
2432	 1.66
2433	 1.66
2434	 2.54
2435	 1.77
2436	 1.62
2437	 1.58
2438	 1.62
2439	 1.58
2440	 1.61
2441	 2.58
2442	 1.62
2443	 1.66
2444	 1.59
2445	 1.58
2446	 1.66
2447	 1.66
2448	 1.66
2449	 1.61
2450	 1.67
2451	 4.09
2452	 1.60
2453	 1.68
2454	 2.58
2455	 1.62
2456	 1.63
2457	 1.66
2458	 1.67
2459	 1.65
2460	 1.66
2461	 1.66
2462	 2.57
2463	 1.55
2464	 1.61
2465	 1.66
2466	 1.67
2467	 1.61
2468	 1.89
2469	 1.68
2470	 1.67
2471	 1.66
2472	 1.62
2473	 2.38
2474	 1.66
2475	 1.60
2476	 1.58
2477	 1.58
2478	 1.66
2479	 1.66
2480	 1.66
2481	 1.66
2482	 1.62
2483	 2.55
2484	 1.66
2485	 1.66
2486	 1.57
2487	 1.59
2488	 1.61
2489	 1.66
2490	 1.59
2491	 2.57
2492	 2.06
2493	 1.61
2494	 1.66
2495	 1.66
2496	 1.27
2497	 1.60
2498	 1.61
2499	 1.58
2500	 1.62
2501	 1.65
2502	 1.66
2503	 1.66
2504	 2.51
2505	 1.64
2506	 1.62
2507	 1.62
2508	 1.62
2509	 1.61
2510	 2.58
2511	 1.67
2512	 1.66
2513	 1.61
2514	 1.52
2515	 1.62
2516	 1.58
2517	 1.61
2518	 1.66
2519	 1.61
2520	 1.56
2521	 1.67
2522	 1.66
2523	 1.68
2524	 2.56
2525	 1.62
2526	 1.66
2527	 1.66
2528	 1.67
2529	 1.67
2530	 1.66
2531	 2.49
2532	 1.65
2533	 1.61
2534	 1.66
2535	 2.04
2536	 2.96
2537	 1.66
2538	 1.66
2539	 1.66
2540	 1.60
2541	 1.66
2542	 1.61
2543	 3.53
2544	 1.67
2545	 1.62
2546	 1.59
2547	 1.67
2548	 1.66
2549	 1.67
2550	 1.67
2551	 2.17
2552	 1.67
2553	 1.60
2554	 1.61
2555	 1.64
2556	 1.61
2557	 1.58
2558	 1.62
2559	 1.62
2560	 1.63
2561	 1.66
2562	 1.60
2563	 2.51
2564	 1.62
2565	 3.54
2566	 1.67
2567	 1.63
2568	 1.66
2569	 1.66
2570	 1.66
2571	 2.57
2572	 1.54
2573	 1.66
2574	 1.60
2575	 1.66
2576	 1.67
2577	 1.60
2578	 1.62
2579	 3.08
2580	 1.62
2581	 2.55
2582	 1.88
2583	 1.67
2584	 1.65
2585	 1.68
2586	 1.52
2587	 1.60
2588	 1.66
2589	 1.67
2590	 1.62
2591	 2.47
2592	 1.60
2593	 1.66
2594	 1.67
2595	 1.66
2596	 1.66
2597	 1.61
2598	 1.59
2599	 1.80
2600	 1.66
2601	 2.48
2602	 1.62
2603	 1.66
2604	 1.65
2605	 1.66
2606	 1.66
2607	 1.67
2608	 1.66
2609	 1.68
2610	 1.66
2611	 1.60
2612	 2.50
2613	 1.65
2614	 1.65
2615	 1.66
2616	 1.60
2617	 1.67
2618	 1.79
2619	 1.66
2620	 2.50
2621	 1.58
2622	 1.61
2623	 1.65
2624	 1.25
2625	 1.60
2626	 1.61
2627	 1.66
2628	 1.59
2629	 1.58
2630	 1.61
2631	 3.26
2632	 1.66
2633	 1.66
2634	 1.60
2635	 1.68
2636	 1.66
2637	 1.59
2638	 1.61
2639	 1.60
2640	 1.58
2641	 2.45
2642	 1.65
2643	 1.66
2644	 1.66
2645	 1.62
2646	 1.66
2647	 1.61
2648	 1.58
2649	 1.66
2650	 1.50
2651	 1.66
2652	 1.61
2653	 2.52
2654	 2.52
2655	 1.60
2656	 1.67
2657	 1.60
2658	 1.66
2659	 1.65
2660	 1.61
2661	 4.31
2662	 1.66
2663	 1.66
2664	 1.67
2665	 1.67
2666	 1.67
2667	 1.66
2668	 1.62
2669	 1.61
2670	 1.62
2671	 1.64
2672	 1.59
2673	 2.53
2674	 1.56
2675	 1.67
2676	 1.61
2677	 1.65
2678	 1.67
2679	 1.61
2680	 2.46
2681	 1.66
2682	 1.61
2683	 1.67
2684	 1.67
2685	 1.62
2686	 1.66
2687	 1.62
2688	 1.65
2689	 1.66
2690	 1.84
2691	 2.65
2692	 2.49
2693	 1.66
2694	 1.54
2695	 1.66
2696	 1.66
2697	 1.66
2698	 1.60
2699	 1.61
2700	 3.00
2701	 1.64
2702	 1.95
2703	 1.69
2704	 1.66
2705	 1.66
2706	 1.66
2707	 1.80
2708	 1.66
2709	 1.60
2710	 1.61
2711	 2.51
2712	 1.61
2713	 1.65
2714	 1.60
2715	 1.64
2716	 1.66
2717	 1.66
2718	 1.66
2719	 2.99
2720	 1.62
2721	 1.67
2722	 1.65
2723	 1.67
2724	 1.61
2725	 1.64
2726	 1.66
2727	 1.60
2728	 1.66
2729	 1.66
2730	 1.60
2731	 1.65
2732	 2.68
2733	 1.65
2734	 1.66
2735	 1.66
2736	 1.61
2737	 1.67
2738	 1.61
2739	 1.66
2740	 1.66
2741	 1.60
2742	 1.64
2743	 1.66
2744	 1.65
2745	 1.60
2746	 1.66
2747	 1.66
2748	 1.61
2749	 1.63
2750	 1.66
2751	 1.61
2752	 3.61
2753	 1.67
2754	 1.63
2755	 1.66
2756	 1.60
2757	 2.56
2758	 1.73
2759	 1.61
2760	 1.66
2761	 1.66
2762	 1.66
2763	 1.60
2764	 1.64
2765	 1.66
2766	 1.61
2767	 1.59
2768	 1.67
2769	 1.66
2770	 1.61
2771	 2.45
2772	 1.66
2773	 1.59
2774	 1.66
2775	 1.60
2776	 1.65
2777	 1.66
2778	 2.49
2779	 1.66
2780	 1.66
2781	 1.67
2782	 1.62
2783	 1.66
2784	 1.65
2785	 1.61
2786	 1.66
2787	 1.46
2788	 1.56
2789	 1.62
2790	 1.59
2791	 2.49
2792	 1.62
2793	 1.58
2794	 1.65
2795	 1.66
2796	 1.66
2797	 3.11
2798	 1.61
2799	 2.47
2800	 1.66
2801	 1.62
2802	 1.55
2803	 1.67
2804	 1.65
2805	 1.66
2806	 1.66
2807	 1.62
2808	 3.34
2809	 1.66
2810	 1.65
2811	 1.66
2812	 1.66
2813	 1.67
2814	 1.66
2815	 1.67
2816	 1.66
2817	 1.66
2818	 1.65
2819	 1.66
2820	 2.60
2821	 1.61
2822	 1.66
2823	 1.60
2824	 1.67
2825	 1.66
2826	 3.41
2827	 1.66
2828	 1.67
2829	 2.49
2830	 1.66
2831	 1.66
2832	 1.61
2833	 1.54
2834	 1.67
2835	 1.60
2836	 1.59
2837	 1.58
2838	 1.67
2839	 1.61
2840	 1.59
2841	 2.53
2842	 1.65
2843	 1.66
2844	 1.66
2845	 1.61
2846	 1.66
2847	 1.61
2848	 1.64
2849	 1.66
2850	 2.53
2851	 1.66
2852	 1.60
2853	 1.57
2854	 1.64
2855	 1.26
2856	 1.65
2857	 1.66
2858	 1.62
2859	 1.58
2860	 1.68
2861	 1.67
2862	 2.53
2863	 1.60
2864	 1.66
2865	 1.60
2866	 1.65
2867	 1.66
2868	 1.67
2869	 3.53
2870	 1.66
2871	 1.66
2872	 1.61
2873	 1.66
2874	 1.59
2875	 1.66
2876	 1.61
2877	 1.62
2878	 1.65
2879	 1.60
2880	 1.58
2881	 1.61
2882	 2.49
2883	 1.80
2884	 1.66
2885	 1.83
2886	 1.58
2887	 1.65
2888	 1.62
2889	 2.85
2890	 1.61
2891	 1.58
2892	 1.66
2893	 1.62
2894	 1.58
2895	 1.66
2896	 1.51
2897	 1.66
2898	 1.61
2899	 1.64
2900	 1.61
2901	 2.50
2902	 1.66
2903	 1.66
2904	 1.66
2905	 1.65
2906	 1.66
2907	 1.65
2908	 2.56
2909	 1.61
2910	 1.92
2911	 1.67
2912	 1.90
2913	 1.58
2914	 1.61
2915	 1.59
2916	 1.66
2917	 3.58
2918	 1.59
2919	 1.58
2920	 1.91
2921	 2.52
2922	 1.66
2923	 1.86
2924	 1.64
2925	 1.17
2926	 1.65
2927	 1.66
2928	 2.55
2929	 1.66
2930	 1.61
2931	 1.62
2932	 1.61
2933	 1.66
2934	 1.59
2935	 1.66
2936	 1.67
2937	 1.67
2938	 1.61
2939	 1.59
2940	 4.23
2941	 1.60
2942	 1.66
2943	 1.99
2944	 1.61
2945	 1.59
2946	 1.66
2947	 2.48
2948	 1.64
2949	 1.67
2950	 1.66
2951	 1.66
2952	 1.66
2953	 1.67
2954	 1.66
2955	 1.66
2956	 1.66
2957	 1.66
2958	 1.66
2959	 1.90
2960	 2.60
2961	 1.66
2962	 1.66
2963	 1.61
2964	 1.59
2965	 3.54
2966	 1.66
2967	 1.66
2968	 1.13
2969	 1.59
2970	 1.64
2971	 1.66
2972	 1.62
2973	 1.64
2974	 1.61
2975	 1.66
2976	 1.61
2977	 1.66
2978	 1.61
2979	 2.49
2980	 1.66
2981	 1.65
2982	 1.66
2983	 1.59
2984	 3.63
2985	 1.62
2986	 1.66
2987	 1.65
2988	 1.10
2989	 1.62
2990	 1.66
2991	 1.29
2992	 1.66
2993	 1.59
2994	 1.64
2995	 1.66
2996	 1.60
2997	 1.64
2998	 1.65
2999	 1.61
3000	 2.50
3001	 1.66
3002	 1.61
3003	 1.58
3004	 1.66
3005	 2.33
3006	 1.66
3007	 1.66
3008	 1.66
3009	 1.61
3010	 1.65
3011	 1.60
3012	 1.66
3013	 1.59
3014	 1.64
3015	 1.67
3016	 1.67
3017	 1.66
3018	 1.66
3019	 1.61
3020	 1.66
3021	 2.47
3022	 1.66
3023	 1.66
3024	 1.61
3025	 1.67
3026	 1.66
3027	 1.66
3028	 1.66
3029	 1.66
3030	 1.60
3031	 1.64
3032	 1.66
3033	 1.66
3034	 1.60
3035	 1.66
3036	 1.60
3037	 1.66
3038	 1.91
3039	 1.66
3040	 1.66
3041	 1.66
3042	 3.37
3043	 1.60
3044	 1.61
3045	 1.55
3046	 1.61
3047	 1.66
3048	 1.66
3049	 1.60
3050	 1.65
3051	 1.66
3052	 1.66
3053	 1.62
3054	 1.89
3055	 1.67
3056	 1.66
3057	 1.60
3058	 1.66
3059	 1.61
3060	 1.62
3061	 1.58
3062	 1.66
3063	 3.44
3064	 1.66
3065	 1.61
3066	 1.58
3067	 1.61
3068	 1.65
3069	 1.82
3070	 1.61
3071	 1.66
3072	 1.62
3073	 2.00
3074	 1.61
3075	 1.32
3076	 1.86
3077	 1.99
3078	 1.64
3079	 1.66
3080	 1.61
3081	 1.54
3082	 1.66
3083	 2.47
3084	 2.53
3085	 1.54
3086	 1.66
3087	 1.66
3088	 1.61
3089	 1.63
3090	 1.61
3091	 1.64
3092	 1.66
3093	 1.59
3094	 1.59
3095	 1.58
3096	 1.61
3097	 1.64
3098	 1.61
3099	 1.58
3100	 1.66
3101	 1.66
3102	 2.56
3103	 1.66
3104	 2.48
3105	 1.67
3106	 1.66
3107	 1.66
3108	 1.66
3109	 1.62
3110	 1.65
3111	 1.66
3112	 1.68
3113	 1.89
3114	 2.05
3115	 1.66
3116	 1.66
3117	 1.66
3118	 1.66
3119	 1.96
3120	 1.76
3121	 2.52
3122	 1.66
3123	 2.91
3124	 1.66
3125	 1.22
3126	 1.66
3127	 1.65
3128	 1.66
3129	 1.66
3130	 1.53
3131	 1.61
3132	 1.58
3133	 1.67
3134	 1.61
3135	 1.58
3136	 1.66
3137	 1.67
3138	 1.61
3139	 1.58
3140	 1.58
3141	 1.66
3142	 2.44
3143	 1.58
3144	 2.77
3145	 1.60
3146	 1.64
3147	 1.62
3148	 1.65
3149	 1.66
3150	 1.60
3151	 1.66
3152	 1.61
3153	 1.58
3154	 2.29
3155	 1.66
3156	 1.67
3157	 1.61
3158	 1.58
3159	 2.41
3160	 1.66
3161	 1.66
3162	 1.94
3163	 2.50
3164	 1.66
3165	 2.49
3166	 1.61
3167	 1.58
3168	 1.66
3169	 1.59
3170	 1.66
3171	 1.60
3172	 1.66
3173	 1.66
3174	 1.60
3175	 1.61
3176	 1.64
3177	 1.66
3178	 1.60
3179	 1.66
3180	 1.66
3181	 1.67
3182	 1.66
3183	 2.49
3184	 1.62
3185	 2.43
3186	 1.67
3187	 1.61
3188	 1.64
3189	 1.62
3190	 1.67
3191	 1.66
3192	 1.67
3193	 2.15
3194	 1.61
3195	 1.58
3196	 1.49
3197	 1.66
3198	 1.66
3199	 1.61
3200	 3.32
3201	 1.60
3202	 1.61
3203	 1.67
3204	 2.50
3205	 1.61
3206	 1.59
3207	 1.67
3208	 1.61
3209	 1.28
3210	 1.94
3211	 1.66
3212	 1.62
3213	 1.58
3214	 1.61
3215	 1.66
3216	 1.67
3217	 1.62
3218	 1.58
3219	 1.66
3220	 2.57
3221	 3.23
3222	 1.62
3223	 1.61
3224	 1.58
3225	 2.47
3226	 1.66
3227	 1.66
3228	 1.66
3229	 1.91
3230	 1.66
3231	 1.61
3232	 1.61
3233	 1.67
3234	 1.66
3235	 1.66
3236	 1.66
3237	 1.66
3238	 1.66
3239	 2.57
3240	 1.66
3241	 1.61
3242	 1.60
3243	 1.67
3244	 3.55
3245	 1.66
3246	 2.49
3247	 1.61
3248	 1.64
3249	 1.67
3250	 1.37
3251	 1.64
3252	 1.65
3253	 1.61
3254	 1.66
3255	 1.59
3256	 1.64
3257	 1.23
3258	 1.59
3259	 2.52
3260	 1.67
3261	 1.66
3262	 1.66
3263	 1.64
3264	 1.66
3265	 2.57
3266	 1.66
3267	 1.57
3268	 1.66
3269	 1.66
3270	 1.62
3271	 1.66
3272	 1.61
3273	 1.58
3274	 1.58
3275	 1.61
3276	 1.58
3277	 1.66
3278	 2.53
3279	 1.58
3280	 1.66
3281	 1.67
3282	 1.65
3283	 1.66
3284	 2.49
3285	 1.13
3286	 2.01
3287	 1.67
3288	 1.66
3289	 1.61
3290	 1.58
3291	 1.67
3292	 1.61
3293	 1.58
3294	 1.61
3295	 1.63
3296	 1.61
3297	 1.58
3298	 1.64
3299	 2.00
3300	 1.66
3301	 1.66
3302	 1.66
3303	 1.61
3304	 5.07
3305	 1.62
3306	 1.58
3307	 1.60
3308	 1.04
3309	 1.62
3310	 1.66
3311	 1.68
3312	 1.66
3313	 1.64
3314	 1.61
3315	 1.58
3316	 1.52
3317	 1.66
3318	 1.65
3319	 1.56
3320	 2.52
3321	 1.62
3322	 1.66
3323	 2.60
3324	 2.04
3325	 1.58
3326	 1.65
3327	 1.60
3328	 1.61
3329	 1.65
3330	 1.67
3331	 1.66
3332	 1.66
3333	 1.66
3334	 1.61
3335	 1.60
3336	 1.66
3337	 1.66
3338	 1.61
3339	 2.00
3340	 1.67
3341	 1.66
3342	 2.12
3343	 2.47
3344	 1.66
3345	 1.44
3346	 1.66
3347	 1.66
3348	 1.61
3349	 1.64
3350	 1.66
3351	 2.66
3352	 1.59
3353	 2.76
3354	 1.60
3355	 1.66
3356	 5.11
3357	 1.67
3358	 1.66
3359	 1.66
3360	 1.65
3361	 1.66
3362	 1.66
3363	 2.69
3364	 1.60
3365	 1.66
3366	 1.61
3367	 1.61
3368	 1.66
3369	 1.61
3370	 1.61
3371	 1.66
3372	 1.66
3373	 1.66
3374	 1.66
3375	 1.66
3376	 2.50
3377	 1.64
3378	 1.67
3379	 1.61
3380	 1.66
3381	 1.60
3382	 2.49
3383	 1.67
3384	 1.66
3385	 2.25
3386	 1.66
3387	 1.66
3388	 1.61
3389	 1.66
3390	 1.66
3391	 1.66
3392	 1.66
3393	 1.66
3394	 1.66
3395	 2.56
3396	 1.67
3397	 1.61
3398	 1.61
3399	 1.52
3400	 1.66
3401	 1.56
3402	 1.65
3403	 2.53
3404	 1.58
3405	 1.66
3406	 1.66
3407	 1.90
3408	 1.66
3409	 1.66
3410	 1.65
3411	 1.62
3412	 1.61
3413	 1.66
3414	 1.62
3415	 2.51
3416	 3.14
3417	 1.61
3418	 1.64
3419	 1.66
3420	 1.66
3421	 1.63
3422	 1.66
3423	 1.83
3424	 2.54
3425	 1.66
3426	 3.40
3427	 1.40
3428	 1.66
3429	 1.68
3430	 1.56
3431	 1.64
3432	 2.42
3433	 1.64
3434	 1.67
3435	 1.66
3436	 1.59
3437	 1.62
3438	 1.61
3439	 1.67
3440	 1.66
3441	 1.81
3442	 1.62
3443	 1.55
3444	 3.10
3445	 1.62
3446	 1.66
3447	 1.67
3448	 1.27
3449	 1.66
3450	 1.61
3451	 1.61
3452	 4.00
3453	 2.51
3454	 1.66
3455	 1.62
3456	 1.58
3457	 1.88
3458	 1.66
3459	 1.62
3460	 1.65
3461	 1.66
3462	 1.66
3463	 2.48
3464	 1.60
3465	 3.68
3466	 1.63
3467	 1.66
3468	 1.61
3469	 1.65
3470	 1.66
3471	 1.67
3472	 1.62
3473	 1.65
3474	 2.02
3475	 1.66
3476	 1.66
3477	 1.59
3478	 2.91
3479	 1.66
3480	 2.04
3481	 1.66
3482	 1.62
3483	 1.98
3484	 2.63
3485	 1.61
3486	 1.56
3487	 1.62
3488	 1.61
3489	 1.59
3490	 1.66
3491	 2.54
3492	 1.67
3493	 1.67
3494	 1.66
3495	 2.59
3496	 1.61
3497	 1.67
3498	 1.66
3499	 1.66
3500	 1.66
3501	 1.65
3502	 1.60
3503	 1.66
3504	 1.66
3505	 2.51
3506	 1.66
3507	 1.60
3508	 1.67
3509	 1.62
3510	 1.59
3511	 1.60
3512	 1.67
3513	 1.62
3514	 2.56
3515	 1.61
3516	 1.45
3517	 1.67
3518	 1.79
3519	 1.66
3520	 1.65
3521	 1.66
3522	 1.65
3523	 1.61
3524	 1.66
3525	 1.62
3526	 2.58
3527	 1.62
3528	 1.59
3529	 1.66
3530	 1.66
3531	 1.67
3532	 1.62
3533	 1.47
3534	 1.60
3535	 2.46
3536	 1.66
3537	 1.60
3538	 1.62
3539	 1.58
3540	 1.55
3541	 1.66
3542	 1.67
3543	 1.62
3544	 1.58
3545	 1.67
3546	 1.61
3547	 2.54
3548	 1.61
3549	 1.67
3550	 1.62
3551	 1.56
3552	 1.66
3553	 1.66
3554	 1.60
3555	 1.62
3556	 2.49
3557	 1.66
3558	 1.68
3559	 1.60
3560	 1.64
3561	 1.66
3562	 1.67
3563	 1.66
3564	 1.65
3565	 1.48
3566	 1.66
3567	 2.51
3568	 1.61
3569	 1.58
3570	 1.67
3571	 3.44
3572	 1.66
3573	 1.66
3574	 1.65
3575	 1.67
3576	 1.66
3577	 2.55
3578	 1.67
3579	 1.66
3580	 1.66
3581	 1.66
3582	 1.59
3583	 1.60
3584	 1.66
3585	 1.66
3586	 2.50
3587	 1.66
3588	 1.67
3589	 1.61
3590	 1.66
3591	 1.64
3592	 1.62
3593	 1.24
3594	 1.58
3595	 2.49
3596	 3.75
3597	 1.66
3598	 1.66
3599	 1.65
3600	 3.72
3601	 1.61
3602	 1.66
3603	 1.60
3604	 1.62
3605	 1.64
3606	 2.59
3607	 1.66
3608	 1.97
3609	 1.58
3610	 1.66
3611	 1.67
3612	 1.67
3613	 1.66
3614	 2.49
3615	 1.67
3616	 1.66
3617	 1.62
3618	 1.66
3619	 1.66
3620	 1.62
3621	 1.92
3622	 1.66
3623	 1.66
3624	 1.67
3625	 2.63
3626	 1.66
3627	 1.80
3628	 1.62
3629	 1.58
3630	 1.66
3631	 1.61
3632	 1.86
3633	 2.51
3634	 1.61
3635	 1.66
3636	 3.94
3637	 1.66
3638	 1.63
3639	 1.83
3640	 1.89
3641	 1.61
3642	 1.59
3643	 1.67
3644	 1.66
3645	 1.66
3646	 4.80
3647	 1.64
3648	 1.68
3649	 1.65
3650	 1.66
3651	 1.66
3652	 2.55
3653	 1.67
3654	 1.66
3655	 1.55
3656	 1.58
3657	 1.67
3658	 1.59
3659	 1.66
3660	 1.66
3661	 2.02
3662	 1.66
3663	 1.67
3664	 3.87
3665	 1.62
3666	 1.61
3667	 2.48
3668	 1.61
3669	 1.62
3670	 2.44
3671	 1.62
3672	 1.58
3673	 1.59
3674	 1.66
3675	 1.66
3676	 1.64
3677	 1.62
3678	 1.59
3679	 1.62
3680	 1.64
3681	 1.60
3682	 1.62
3683	 3.92
3684	 1.66
3685	 1.66
3686	 1.65
3687	 1.67
3688	 2.48
3689	 3.47
3690	 1.66
3691	 1.61
3692	 1.67
3693	 1.66
3694	 1.66
3695	 1.60
3696	 1.72
3697	 1.66
3698	 1.66
3699	 1.59
3700	 1.61
3701	 1.57
3702	 1.60
3703	 1.14
3704	 1.67
3705	 1.66
3706	 1.66
3707	 1.66
3708	 2.59
3709	 1.66
3710	 2.60
3711	 1.60
3712	 1.93
3713	 1.61
3714	 1.59
3715	 1.61
3716	 1.66
3717	 1.61
3718	 1.58
3719	 1.66
3720	 1.48
3721	 1.61
3722	 1.65
3723	 1.66
3724	 1.66
3725	 1.66
3726	 1.66
3727	 2.53
3728	 1.64
3729	 1.67
3730	 1.60
3731	 1.66
3732	 1.66
3733	 1.61
3734	 1.67
3735	 1.67
3736	 2.91
3737	 1.61
3738	 1.58
3739	 1.62
3740	 1.59
3741	 1.48
3742	 1.66
3743	 1.61
3744	 1.58
3745	 1.62
3746	 1.64
3747	 2.61
3748	 4.01
3749	 1.59
3750	 1.59
3751	 1.66
3752	 1.66
3753	 1.66
3754	 1.60
3755	 1.66
3756	 1.60
3757	 1.66
3758	 1.98
3759	 1.63
3760	 1.61
3761	 1.92
3762	 1.65
3763	 1.61
3764	 1.66
3765	 1.66
3766	 1.56
3767	 1.66
3768	 3.79
3769	 2.48
3770	 1.62
3771	 1.58
3772	 1.96
3773	 1.64
3774	 1.66
3775	 1.66
3776	 1.61
3777	 1.59
3778	 1.61
3779	 1.58
3780	 1.66
3781	 1.66
3782	 1.67
3783	 1.98
3784	 1.66
3785	 1.67
3786	 1.60
3787	 2.25
3788	 1.67
3789	 2.54
3790	 1.59
3791	 1.64
3792	 1.67
3793	 1.66
3794	 1.66
3795	 1.66
3796	 1.66
3797	 1.66
3798	 1.60
3799	 1.67
3800	 1.66
3801	 1.66
3802	 1.60
3803	 1.66
3804	 1.67
3805	 1.63
3806	 3.61
3807	 1.66
3808	 2.44
3809	 1.64
3810	 1.66
3811	 1.66
3812	 1.66
3813	 1.82
3814	 1.66
3815	 1.66
3816	 1.60
3817	 1.67
3818	 1.66
3819	 1.66
3820	 1.65
3821	 1.61
3822	 1.58
3823	 1.66
3824	 1.67
3825	 1.66
3826	 1.67
3827	 2.56
3828	 1.59
3829	 2.40
3830	 1.62
3831	 1.58
3832	 1.61
3833	 1.61
3834	 1.44
3835	 1.66
3836	 1.83
3837	 1.66
3838	 1.66
3839	 1.61
3840	 1.58
3841	 1.61
3842	 1.24
3843	 1.62
3844	 1.66
3845	 1.61
3846	 1.65
3847	 1.60
3848	 2.31
3849	 2.62
3850	 1.61
3851	 1.62
3852	 1.58
3853	 1.67
3854	 1.66
3855	 1.62
3856	 1.66
3857	 1.66
3858	 1.58
3859	 1.65
3860	 1.66
3861	 1.62
3862	 1.64
3863	 1.66
3864	 1.67
3865	 1.66
3866	 2.49
3867	 3.18
3868	 1.61
3869	 1.66
3870	 1.61
3871	 1.66
3872	 1.66
3873	 1.60
3874	 1.61
3875	 1.64
3876	 1.66
3877	 1.57
3878	 1.62
3879	 1.66
3880	 1.67
3881	 1.65
3882	 1.60
3883	 1.66
3884	 1.66
3885	 1.65
3886	 2.43
3887	 1.62
3888	 2.58
3889	 1.59
3890	 1.66
3891	 1.61
3892	 1.66
3893	 1.61
3894	 1.65
3895	 1.63
3896	 1.66
3897	 1.66
3898	 2.05
3899	 1.66
3900	 1.67
3901	 1.66
3902	 1.66
3903	 1.65
3904	 2.03
3905	 3.52
3906	 1.59
3907	 1.62
3908	 1.66
3909	 2.43
3910	 1.59
3911	 1.67
3912	 1.61
3913	 1.63
3914	 1.62
3915	 1.65
3916	 1.61
3917	 1.62
3918	 1.57
3919	 1.61
3920	 1.58
3921	 1.66
3922	 1.64
3923	 1.61
3924	 1.57
3925	 1.66
3926	 2.57
3927	 1.61
3928	 1.56
3929	 2.48
3930	 1.65
3931	 1.66
3932	 3.67
3933	 1.70
3934	 3.99
3935	 1.66
3936	 2.91
3937	 1.60
3938	 1.66
3939	 1.59
3940	 1.66
3941	 1.62
3942	 1.58
3943	 2.58
3944	 1.66
3945	 1.65
3946	 1.62
3947	 2.51
3948	 1.66
3949	 1.60
3950	 1.66
3951	 1.61
3952	 1.58
3953	 1.67
3954	 1.66
3955	 1.65
3956	 1.66
3957	 1.61
3958	 1.65
3959	 1.61
3960	 1.58
3961	 1.66
3962	 2.55
3963	 1.61
3964	 1.64
3965	 1.66
3966	 1.58
3967	 1.66
3968	 2.56
3969	 1.65
3970	 1.37
3971	 1.65
3972	 1.65
3973	 1.67
3974	 1.65
3975	 1.67
3976	 1.60
3977	 1.66
3978	 1.66
3979	 1.65
3980	 1.04
3981	 1.64
3982	 1.67
3983	 1.61
3984	 1.66
3985	 1.66
3986	 1.61
3987	 1.58
3988	 1.26
3989	 2.48
3990	 1.58
3991	 1.98
3992	 1.67
3993	 1.65
3994	 1.61
3995	 2.56
3996	 1.67
3997	 1.57
3998	 1.67
3999	 1.95
4000	 1.66
4001	 2.51
4002	 1.66
4003	 1.67
4004	 1.66
4005	 1.62
4006	 1.63
4007	 1.66
4008	 1.66
4009	 2.57
4010	 1.67
4011	 1.65
4012	 1.66
4013	 1.61
4014	 1.59
4015	 1.66
4016	 1.62
4017	 1.58
4018	 1.60
4019	 1.58
4020	 2.54
4021	 2.09
4022	 1.66
4023	 1.61
4024	 1.66
4025	 1.89
4026	 1.66
4027	 1.66
4028	 2.53
4029	 1.64
4030	 1.60
4031	 1.66
4032	 1.65
4033	 1.65
4034	 1.65
4035	 1.60
4036	 1.67
4037	 1.61
4038	 1.67
4039	 1.65
4040	 1.64
4041	 2.48
4042	 1.61
4043	 1.64
4044	 1.65
4045	 1.66
4046	 1.66
4047	 1.76
4048	 1.66
4049	 2.62
4050	 1.66
4051	 1.61
4052	 1.64
4053	 1.66
4054	 1.93
4055	 1.66
4056	 1.66
4057	 1.58
4058	 1.66
4059	 1.59
4060	 1.62
4061	 2.42
4062	 1.67
4063	 1.65
4064	 1.67
4065	 1.66
4066	 1.66
4067	 1.63
4068	 1.66
4069	 1.65
4070	 3.14
4071	 1.58
4072	 1.61
4073	 1.63
4074	 1.66
4075	 1.67
4076	 1.66
4077	 1.66
4078	 1.66
4079	 1.66
4080	 2.50
4081	 1.64
4082	 1.61
4083	 1.67
4084	 1.61
4085	 1.66
4086	 1.65
4087	 1.66
4088	 1.62
4089	 1.66
4090	 2.57
4091	 1.66
4092	 1.54
4093	 1.60
4094	 1.65
4095	 1.44
4096	 1.64
4097	 1.59
4098	 2.42
4099	 1.61
4100	 1.66
4101	 1.65
4102	 1.67
4103	 1.61
4104	 1.65
4105	 1.74
4106	 1.64
4107	 1.65
4108	 1.67
4109	 2.46
4110	 1.58
4111	 1.66
4112	 1.66
4113	 1.60
4114	 1.62
4115	 1.59
4116	 1.66
4117	 2.46
4118	 1.59
4119	 3.14
4120	 1.61
4121	 1.61
4122	 1.62
4123	 1.61
4124	 1.65
4125	 1.56
4126	 1.65
4127	 1.66
4128	 1.65
4129	 2.48
4130	 1.67
4131	 1.66
4132	 1.65
4133	 1.67
4134	 1.66
4135	 1.60
4136	 1.67
4137	 1.66
4138	 2.52
4139	 1.61
4140	 1.66
4141	 1.60
4142	 1.62
4143	 1.66
4144	 2.15
4145	 1.43
4146	 1.58
4147	 1.66
4148	 1.61
4149	 1.66
4150	 1.66
4151	 1.66
4152	 1.60
4153	 1.65
4154	 2.60
4155	 1.62
4156	 1.66
4157	 2.19
4158	 2.49
4159	 1.89
4160	 1.66
4161	 1.66
4162	 1.61
4163	 1.62
4164	 1.61
4165	 1.65
4166	 2.02
4167	 1.60
4168	 1.64
4169	 1.65
4170	 1.66
4171	 1.60
4172	 2.64
4173	 1.66
4174	 1.16
4175	 3.42
4176	 1.59
4177	 1.65
4178	 1.65
4179	 1.65
4180	 1.59
4181	 1.66
4182	 1.60
4183	 1.61
4184	 1.58
4185	 1.61
4186	 1.66
4187	 1.66
4188	 1.65
4189	 1.66
4190	 1.66
4191	 1.66
4192	 1.65
4193	 1.66
4194	 1.66
4195	 1.59
4196	 3.35
4197	 1.66
4198	 1.60
4199	 1.64
4200	 1.83
4201	 1.61
4202	 2.15
4203	 1.66
4204	 1.61
4205	 1.58
4206	 1.66
4207	 1.66
4208	 1.67
4209	 1.61
4210	 2.44
4211	 1.62
4212	 1.61
4213	 1.65
4214	 4.12
4215	 1.98
4216	 1.62
4217	 2.52
4218	 1.65
4219	 1.60
4220	 1.65
4221	 1.66
4222	 1.60
4223	 1.66
4224	 1.42
4225	 1.66
4226	 1.62
4227	 1.58
4228	 1.66
4229	 1.66
4230	 1.59
4231	 1.60
4232	 1.30
4233	 1.62
4234	 1.62
4235	 3.33
4236	 1.60
4237	 2.47
4238	 1.61
4239	 1.58
4240	 1.62
4241	 1.32
4242	 1.59
4243	 1.58
4244	 1.61
4245	 1.66
4246	 1.66
4247	 1.66
4248	 1.60
4249	 1.67
4250	 1.66
4251	 1.49
4252	 1.28
4253	 1.61
4254	 2.46
4255	 1.61
4256	 2.48
4257	 1.61
4258	 2.18
4259	 1.65
4260	 1.60
4261	 1.65
4262	 1.66
4263	 1.66
4264	 1.56
4265	 1.67
4266	 1.59
4267	 1.61
4268	 1.66
4269	 1.60
4270	 1.60
4271	 1.66
4272	 1.59
4273	 1.65
4274	 2.46
4275	 1.61
4276	 1.61
4277	 4.73
4278	 1.59
4279	 1.60
4280	 1.66
4281	 1.61
4282	 1.58
4283	 2.16
4284	 1.60
4285	 1.65
4286	 1.66
4287	 1.67
4288	 2.40
4289	 1.81
4290	 1.44
4291	 1.63
4292	 1.62
4293	 2.53
4294	 1.60
4295	 1.66
4296	 1.66
4297	 2.43
4298	 1.65
4299	 1.33
4300	 2.02
4301	 1.61
4302	 1.58
4303	 1.18
4304	 1.62
4305	 1.64
4306	 1.61
4307	 4.06
4308	 1.66
4309	 1.66
4310	 1.61
4311	 1.56
4312	 1.62
4313	 1.62
4314	 2.52
4315	 1.65
4316	 2.51
4317	 1.61
4318	 1.58
4319	 1.65
4320	 1.09
4321	 1.66
4322	 1.60
4323	 1.38
4324	 1.61
4325	 1.66
4326	 2.02
4327	 1.66
4328	 1.61
4329	 1.58
4330	 1.61
4331	 1.66
4332	 1.61
4333	 2.55
4334	 1.62
4335	 1.64
4336	 2.46
4337	 1.67
4338	 1.66
4339	 1.61
4340	 1.66
4341	 1.60
4342	 1.62
4343	 1.58
4344	 1.66
4345	 1.66
4346	 1.67
4347	 1.61
4348	 1.65
4349	 1.67
4350	 1.28
4351	 1.57
4352	 1.58
4353	 2.58
4354	 1.85
4355	 2.47
4356	 1.65
4357	 1.58
4358	 1.62
4359	 1.58
4360	 1.60
4361	 1.66
4362	 1.60
4363	 1.61
4364	 1.63
4365	 1.66
4366	 1.61
4367	 1.64
4368	 1.67
4369	 1.86
4370	 1.66
4371	 1.62
4372	 2.53
4373	 1.66
4374	 1.60
4375	 1.90
4376	 3.40
4377	 1.66
4378	 1.66
4379	 1.34
4380	 1.66
4381	 1.61
4382	 1.64
4383	 1.66
4384	 1.61
4385	 1.66
4386	 1.66
4387	 1.66
4388	 1.66
4389	 3.90
4390	 1.34
4391	 1.65
4392	 2.59
4393	 1.65
4394	 1.66
4395	 2.03
4396	 2.51
4397	 1.66
4398	 1.60
4399	 1.65
4400	 1.60
4401	 1.64
4402	 2.84
4403	 1.66
4404	 2.14
4405	 1.62
4406	 1.59
4407	 1.67
4408	 1.61
4409	 2.57
4410	 1.66
4411	 1.66
4412	 1.66
4413	 1.66
4414	 1.60
4415	 2.47
4416	 1.60
4417	 1.61
4418	 1.59
4419	 1.66
4420	 1.61
4421	 1.64
4422	 1.67
4423	 1.61
4424	 1.66
4425	 1.60
4426	 1.88
4427	 1.54
4428	 2.52
4429	 1.61
4430	 1.56
4431	 1.66
4432	 1.67
4433	 1.68
4434	 1.66
4435	 2.87
4436	 1.60
4437	 1.66
4438	 1.66
4439	 2.60
4440	 1.58
4441	 1.65
4442	 1.66
4443	 1.65
4444	 1.65
4445	 1.66
4446	 1.65
4447	 3.49
4448	 1.66
4449	 1.66
4450	 1.66
4451	 1.59
4452	 1.66
4453	 1.65
4454	 1.65
4455	 1.66
4456	 2.51
4457	 1.66
4458	 1.61
4459	 1.65
4460	 1.84
4461	 1.61
4462	 1.65
4463	 1.67
4464	 1.87
4465	 1.65
4466	 1.65
4467	 1.60
4468	 2.52
4469	 1.34
4470	 1.65
4471	 1.67
4472	 1.65
4473	 1.53
4474	 1.16
4475	 1.66
4476	 1.59
4477	 2.61
4478	 1.62
4479	 1.58
4480	 1.66
4481	 1.56
4482	 1.66
4483	 1.61
4484	 1.66
4485	 1.66
4486	 1.59
4487	 2.52
4488	 1.61
4489	 3.39
4490	 1.60
4491	 1.58
4492	 1.67
4493	 1.67
4494	 1.60
4495	 1.61
4496	 1.58
4497	 1.64
4498	 2.46
4499	 1.66
4500	 1.60
4501	 1.57
4502	 1.66
4503	 1.61
4504	 1.58
4505	 1.66
4506	 1.61
4507	 1.67
4508	 1.66
4509	 1.66
4510	 1.66
4511	 1.67
4512	 1.67
4513	 1.65
4514	 1.63
4515	 1.95
4516	 1.66
4517	 1.66
4518	 3.03
4519	 1.61
4520	 1.61
4521	 1.66
4522	 1.66
4523	 1.66
4524	 1.59
4525	 1.66
4526	 2.52
4527	 1.60
4528	 1.80
4529	 1.65
4530	 1.93
4531	 1.80
4532	 1.65
4533	 1.66
4534	 1.40
4535	 1.66
4536	 1.66
4537	 2.56
4538	 1.66
4539	 1.66
4540	 1.65
4541	 1.67
4542	 1.66
4543	 1.65
4544	 1.66
4545	 1.65
4546	 1.66
4547	 2.61
4548	 1.59
4549	 1.57
4550	 1.65
4551	 1.59
4552	 1.61
4553	 1.62
4554	 1.58
4555	 1.60
4556	 1.96
4557	 2.44
4558	 1.65
4559	 1.66
4560	 1.59
4561	 1.67
4562	 1.62
4563	 1.65
4564	 1.62
4565	 1.61
4566	 1.61
4567	 1.66
4568	 1.66
4569	 1.60
4570	 1.94
4571	 1.66
4572	 1.59
4573	 1.66
4574	 1.72
4575	 1.66
4576	 2.55
4577	 1.66
4578	 1.61
4579	 1.66
4580	 1.54
4581	 1.66
4582	 1.66
4583	 1.62
4584	 1.58
4585	 2.59
4586	 1.65
4587	 1.60
4588	 1.65
4589	 1.66
4590	 1.65
4591	 1.65
4592	 1.67
4593	 1.19
4594	 1.61
4595	 1.64
4596	 1.67
4597	 2.53
4598	 1.61
4599	 1.66
4600	 1.60
4601	 3.57
4602	 1.56
4603	 1.60
4604	 1.64
4605	 1.65
4606	 2.57
4607	 1.67
4608	 1.65
4609	 1.66
4610	 1.61
4611	 1.64
4612	 1.66
4613	 1.67
4614	 1.66
4615	 1.59
4616	 1.66
4617	 1.61
4618	 2.50
4619	 1.66
4620	 1.60
4621	 1.60
4622	 1.66
4623	 1.91
4624	 1.61
4625	 2.46
4626	 1.66
4627	 1.60
4628	 1.66
4629	 1.59
4630	 1.61
4631	 1.62
4632	 1.66
4633	 1.61
4634	 1.66
4635	 1.60
4636	 1.11
4637	 1.66
4638	 2.49
4639	 1.66
4640	 1.67
4641	 1.65
4642	 1.61
4643	 1.58
4644	 2.54
4645	 1.65
4646	 1.66
4647	 1.60
4648	 1.84
4649	 1.66
4650	 1.62
4651	 1.61
4652	 1.63
4653	 1.66
4654	 1.60
4655	 1.66
4656	 1.66
4657	 1.29
4658	 1.60
4659	 2.47
4660	 1.61
4661	 1.62
4662	 1.64
4663	 2.48
4664	 1.65
4665	 1.66
4666	 1.67
4667	 1.62
4668	 1.67
4669	 1.63
4670	 1.70
4671	 1.66
4672	 1.66
4673	 1.62
4674	 1.58
4675	 1.66
4676	 1.62
4677	 1.58
4678	 1.66
4679	 1.67
4680	 2.49
4681	 2.25
4682	 1.66
4683	 2.62
4684	 1.61
4685	 1.67
4686	 1.66
4687	 1.62
4688	 2.46
4689	 1.66
4690	 1.93
4691	 1.66
4692	 1.66
4693	 1.62
4694	 1.61
4695	 1.62
4696	 1.62
4697	 1.58
4698	 1.66
4699	 1.61
4700	 2.60
4701	 1.66
4702	 2.54
4703	 1.40
4704	 1.66
4705	 1.66
4706	 1.66
4707	 1.60
4708	 1.66
4709	 1.62
4710	 1.58
4711	 1.62
4712	 1.58
4713	 1.61
4714	 1.61
4715	 1.67
4716	 1.66
4717	 1.66
4718	 1.62
4719	 2.44
4720	 1.67
4721	 1.66
4722	 2.51
4723	 1.62
4724	 1.63
4725	 1.60
4726	 1.90
4727	 1.60
4728	 1.59
4729	 1.41
4730	 1.66
4731	 1.60
4732	 1.66
4733	 1.62
4734	 1.62
4735	 1.66
4736	 1.66
4737	 1.60
4738	 1.66
4739	 3.34
4740	 1.66
4741	 1.66
4742	 1.62
4743	 1.91
4744	 1.66
4745	 1.62
4746	 1.62
4747	 1.58
4748	 1.62
4749	 1.65
4750	 1.65
4751	 1.66
4752	 1.66
4753	 1.67
4754	 1.66
4755	 1.66
4756	 1.60
4757	 1.58
4758	 2.49
4759	 1.61
4760	 2.53
4761	 1.67
4762	 1.66
4763	 1.66
4764	 1.66
4765	 1.57
4766	 1.67
4767	 1.61
4768	 1.66
4769	 1.67
4770	 1.67
4771	 1.61
4772	 1.66
4773	 1.67
4774	 1.67
4775	 1.66
4776	 1.62
4777	 1.61
4778	 2.47
4779	 1.67
4780	 1.68
4781	 1.66
4782	 1.61
4783	 1.61
4784	 1.66
4785	 1.67
4786	 1.62
4787	 1.66
4788	 1.67
4789	 1.61
4790	 1.67
4791	 2.03
4792	 1.61
4793	 1.66
4794	 1.98
4795	 1.66
4796	 1.28
4797	 2.62
4798	 1.62
4799	 2.53
4800	 1.66
4801	 1.65
4802	 1.67
4803	 1.55
4804	 1.59
4805	 1.66
4806	 1.67
4807	 1.66
4808	 1.66
4809	 1.66
4810	 1.65
4811	 1.62
4812	 1.58
4813	 1.62
4814	 1.64
4815	 1.66
4816	 1.66
4817	 3.96
4818	 3.30
4819	 1.66
4820	 4.17
4821	 1.66
4822	 1.66
4823	 1.60
4824	 1.65
4825	 1.66
4826	 1.62
4827	 1.66
4828	 1.66
4829	 1.66
4830	 1.67
4831	 1.61
4832	 1.16
4833	 1.60
4834	 1.57
4835	 1.66
4836	 1.62
4837	 1.66
4838	 2.61
4839	 2.63
4840	 1.67
4841	 1.62
4842	 1.65
4843	 1.66
4844	 1.62
4845	 1.64
4846	 1.67
4847	 1.65
4848	 1.98
4849	 1.66
4850	 1.61
4851	 1.60
4852	 1.61
4853	 1.64
4854	 1.89
4855	 1.65
4856	 1.67
4857	 2.48
4858	 1.60
4859	 1.67
4860	 2.50
4861	 1.41
4862	 1.67
4863	 1.62
4864	 1.66
4865	 1.57
4866	 1.66
4867	 1.60
4868	 1.39
4869	 1.67
4870	 1.66
4871	 1.67
4872	 1.61
4873	 1.67
4874	 1.67
4875	 1.65
4876	 1.66
4877	 2.53
4878	 1.60
4879	 2.58
4880	 1.66
4881	 1.60
4882	 1.76
4883	 1.67
4884	 1.67
4885	 1.66
4886	 1.66
4887	 1.66
4888	 1.61
4889	 1.66
4890	 1.60
4891	 1.61
4892	 1.67
4893	 1.60
4894	 2.46
4895	 1.66
4896	 2.44
4897	 1.61
4898	 2.21
4899	 1.66
4900	 3.75
4901	 1.58
4902	 1.66
4903	 1.65
4904	 1.67
4905	 1.67
4906	 1.61
4907	 1.64
4908	 1.66
4909	 1.22
4910	 1.61
4911	 1.65
4912	 1.61
4913	 1.66
4914	 1.60
4915	 1.67
4916	 2.60
4917	 1.66
4918	 1.66
4919	 1.80
4920	 2.58
4921	 1.67
4922	 1.52
4923	 1.59
4924	 1.61
4925	 1.62
4926	 1.66
4927	 1.66
4928	 1.66
4929	 1.61
4930	 1.66
4931	 1.60
4932	 1.66
4933	 1.61
4934	 1.67
4935	 2.65
4936	 1.66
4937	 1.66
4938	 1.60
4939	 1.66
4940	 1.63
4941	 1.67
4942	 2.21
4943	 1.62
4944	 1.58
4945	 1.67
4946	 1.66
4947	 1.66
4948	 1.60
4949	 1.66
4950	 1.60
4951	 1.66
4952	 1.61
4953	 1.67
4954	 4.19
4955	 1.62
4956	 3.44
4957	 1.67
4958	 2.53
4959	 1.66
4960	 1.66
4961	 1.62
4962	 1.58
4963	 1.61
4964	 1.58
4965	 1.66
4966	 1.66
4967	 1.60
4968	 1.64
4969	 3.95
4970	 1.62
4971	 1.57
4972	 1.61
4973	 1.62
4974	 1.58
4975	 1.60
4976	 3.50
4977	 1.86
4978	 2.52
4979	 1.59
4980	 1.67
4981	 1.67
4982	 1.66
4983	 1.66
4984	 1.61
4985	 1.24
4986	 2.90
4987	 1.62
4988	 1.61
4989	 1.62
4990	 1.56
4991	 1.66
4992	 1.62
4993	 1.66
4994	 1.61
4995	 1.66
4996	 1.61
4997	 2.56
4998	 1.59
4999	 1.80
5000	 1.66
5001	 1.60
5002	 1.66
5003	 1.60
5004	 1.65
5005	 1.60
5006	 1.67
5007	 1.66
5008	 1.65
5009	 1.61
5010	 1.66
5011	 1.61
5012	 1.64
5013	 1.62
5014	 1.66
5015	 1.61
5016	 1.58
5017	 1.66
5018	 2.55
5019	 1.66
5020	 1.61
5021	 1.66
5022	 1.61
5023	 1.67
5024	 1.66
5025	 1.66
5026	 1.79
5027	 1.64
5028	 1.66
5029	 1.66
5030	 1.61
5031	 1.58
5032	 1.62
5033	 1.62
5034	 1.66
5035	 1.62
5036	 2.59
5037	 1.66
5038	 1.59
5039	 2.60
5040	 1.66
5041	 1.66
5042	 1.66
5043	 1.67
5044	 1.66
5045	 1.66
5046	 1.66
5047	 1.66
5048	 1.67
5049	 1.66
5050	 1.58
5051	 1.66
5052	 1.66
5053	 3.90
5054	 1.67
5055	 2.47
5056	 1.66
5057	 1.66
5058	 1.62
5059	 2.45
5060	 1.66
5061	 1.67
5062	 1.66
5063	 1.66
5064	 1.66
5065	 1.67
5066	 1.64
5067	 2.05
5068	 1.66
5069	 1.61
5070	 1.61
5071	 1.66
5072	 3.27
5073	 1.60
5074	 1.62
5075	 1.61
5076	 2.41
5077	 1.66
5078	 2.76
5079	 1.65
5080	 1.61
5081	 1.58
5082	 1.66
5083	 2.02
5084	 1.67
5085	 1.67
5086	 1.66
5087	 1.66
5088	 1.65
5089	 1.58
5090	 1.65
5091	 1.66
5092	 1.61
5093	 1.41
5094	 1.59
5095	 2.58
5096	 1.84
5097	 1.58
5098	 2.50
5099	 1.66
5100	 1.67
5101	 1.62
5102	 1.62
5103	 1.61
5104	 1.66
5105	 1.66
5106	 1.66
5107	 1.61
5108	 2.80
5109	 1.66
5110	 1.66
5111	 1.61
5112	 1.58
5113	 1.59
5114	 1.58
5115	 1.67
5116	 2.57
5117	 2.52
5118	 1.66
5119	 1.79
5120	 1.61
5121	 1.58
5122	 1.60
5123	 1.61
5124	 1.62
5125	 1.67
5126	 1.66
5127	 1.60
5128	 1.66
5129	 1.65
5130	 1.66
5131	 1.66
5132	 1.66
5133	 1.59
5134	 1.58
5135	 1.66
5136	 2.49
5137	 2.37
5138	 1.64
5139	 1.60
5140	 4.17
5141	 1.57
5142	 1.58
5143	 1.66
5144	 1.61
5145	 1.67
5146	 1.67
5147	 1.61
5148	 1.66
5149	 1.66
5150	 1.52
5151	 1.67
5152	 2.56
5153	 1.59
5154	 1.58
5155	 2.50
5156	 2.43
5157	 1.60
5158	 1.66
5159	 1.61
5160	 1.58
5161	 1.66
5162	 1.67
5163	 2.60
5164	 1.61
5165	 1.64
5166	 1.66
5167	 1.67
5168	 1.61
5169	 1.64
5170	 1.60
5171	 1.67
5172	 1.61
5173	 2.44
5174	 1.95
5175	 1.59
5176	 1.62
5177	 3.45
5178	 1.66
5179	 1.62
5180	 1.58
5181	 1.67
5182	 1.61
5183	 1.67
5184	 1.59
5185	 1.66
5186	 1.66
5187	 1.60
5188	 1.58
5189	 1.64
5190	 1.65
5191	 1.66
5192	 2.42
5193	 1.65
5194	 1.58
5195	 1.62
5196	 1.58
5197	 1.61
5198	 2.49
5199	 1.66
5200	 1.68
5201	 1.66
5202	 1.65
5203	 1.63
5204	 1.66
5205	 1.66
5206	 1.67
5207	 1.66
5208	 1.59
5209	 1.62
5210	 1.64
5211	 1.62
5212	 2.46
5213	 1.66
5214	 1.66
5215	 1.67
5216	 1.86
5217	 1.66
5218	 1.66
5219	 2.60
5220	 1.66
5221	 1.68
5222	 1.66
5223	 1.66
5224	 1.83
5225	 1.66
5226	 1.61
5227	 1.67
5228	 1.67
5229	 1.66
5230	 1.66
5231	 4.24
5232	 1.59
5233	 1.80
5234	 1.66
5235	 1.66
5236	 1.67
5237	 1.61
5238	 2.26
5239	 1.61
5240	 2.99
5241	 1.66
5242	 1.60
5243	 1.58
5244	 1.67
5245	 1.38
5246	 1.62
5247	 1.66
5248	 1.65
5249	 1.67
5250	 3.46
5251	 1.66
5252	 1.60
5253	 1.63
5254	 1.35
5255	 1.66
5256	 1.66
5257	 1.66
5258	 1.13
5259	 1.68
5260	 2.51
5261	 1.67
5262	 1.94
5263	 1.62
5264	 1.66
5265	 1.66
5266	 1.61
5267	 1.66
5268	 1.66
5269	 1.59
5270	 3.28
5271	 1.62
5272	 1.60
5273	 1.58
5274	 1.66
5275	 1.66
5276	 1.66
5277	 1.66
5278	 1.14
5279	 1.62
5280	 2.54
5281	 1.67
5282	 4.04
5283	 1.60
5284	 1.62
5285	 1.58
5286	 1.66
5287	 1.66
5288	 1.60
5289	 1.67
5290	 1.96
5291	 2.46
5292	 1.68
5293	 1.60
5294	 1.66
5295	 1.62
5296	 1.62
5297	 1.66
5298	 1.62
5299	 2.44
5300	 2.02
5301	 1.65
5302	 1.61
5303	 1.58
5304	 1.66
5305	 1.67
5306	 1.66
5307	 1.66
5308	 1.60
5309	 1.67
5310	 1.66
5311	 2.47
5312	 1.66
5313	 1.67
5314	 1.67
5315	 1.58
5316	 1.60
5317	 1.61
5318	 1.67
5319	 1.66
5320	 2.52
5321	 1.66
5322	 1.87
5323	 1.66
5324	 1.67
5325	 1.66
5326	 1.56
5327	 1.62
5328	 2.49
5329	 1.65
5330	 1.66
5331	 1.66
5332	 1.65
5333	 1.62
5334	 1.58
5335	 1.61
5336	 1.67
5337	 1.65
5338	 1.65
5339	 1.61
5340	 1.35
5341	 2.50
5342	 1.61
5343	 1.65
5344	 1.66
5345	 1.61
5346	 2.02
5347	 1.60
5348	 1.62
5349	 2.42
5350	 1.67
5351	 1.61
5352	 1.86
5353	 1.61
5354	 1.58
5355	 1.66
5356	 1.60
5357	 1.66
5358	 1.66
5359	 1.61
5360	 1.13
5361	 2.54
5362	 1.66
5363	 1.60
5364	 1.63
5365	 1.65
5366	 1.61
5367	 1.58
5368	 1.62
5369	 1.65
5370	 2.06
5371	 1.62
5372	 1.58
5373	 1.66
5374	 1.60
5375	 1.64
5376	 1.66
5377	 1.66
5378	 1.65
5379	 1.59
5380	 3.20
5381	 1.62
5382	 1.57
5383	 1.67
5384	 1.66
5385	 1.60
5386	 1.64
5387	 1.66
5388	 1.59
5389	 1.65
5390	 1.61
5391	 2.50
5392	 1.60
5393	 1.61
5394	 1.57
5395	 1.66
5396	 1.61
5397	 1.58
5398	 1.66
5399	 1.87
5400	 1.64
5401	 2.54
5402	 1.68
5403	 1.62
5404	 1.66
5405	 1.66
5406	 1.17
5407	 1.65
5408	 1.66
5409	 2.47
5410	 1.64
5411	 1.66
5412	 1.65
5413	 1.67
5414	 1.67
5415	 1.65
5416	 1.65
5417	 1.88
5418	 1.66
5419	 1.67
5420	 1.67
5421	 1.59
5422	 2.50
5423	 1.66
5424	 1.66
5425	 1.66
5426	 1.66
5427	 1.56
5428	 2.55
5429	 2.52
5430	 1.58
5431	 1.63
5432	 1.64
5433	 1.66
5434	 1.66
5435	 1.60
5436	 1.65
5437	 1.66
5438	 1.67
5439	 2.25
5440	 1.62
5441	 1.58
5442	 2.57
5443	 1.68
5444	 1.67
5445	 1.66
5446	 1.67
5447	 1.66
5448	 1.60
5449	 3.98
5450	 1.64
5451	 1.65
5452	 1.66
5453	 1.62
5454	 1.55
5455	 1.66
5456	 1.66
5457	 1.59
5458	 1.65
5459	 1.66
5460	 1.93
5461	 2.55
5462	 3.43
5463	 1.60
5464	 1.61
5465	 1.58
5466	 2.08
5467	 2.52
5468	 1.65
5469	 1.65
5470	 1.66
5471	 1.60
5472	 1.65
5473	 1.65
5474	 2.07
5475	 1.58
5476	 1.66
5477	 2.14
5478	 1.60
5479	 1.61
5480	 1.66
5481	 2.58
5482	 1.66
5483	 2.52
5484	 1.41
5485	 1.60
5486	 4.65
5487	 1.57
5488	 1.61
5489	 1.65
5490	 1.25
5491	 1.60
5492	 1.66
5493	 1.60
5494	 1.61
5495	 1.58
5496	 1.66
5497	 1.66
5498	 1.66
5499	 1.59
5500	 2.64
5501	 1.29
5502	 2.90
5503	 1.61
5504	 1.62
5505	 1.64
5506	 1.62
5507	 2.51
5508	 1.66
5509	 1.59
5510	 1.66
5511	 1.60
5512	 1.59
5513	 1.61
5514	 1.61
5515	 1.67
5516	 1.62
5517	 1.65
5518	 1.61
5519	 1.66
5520	 2.05
5521	 2.43
5522	 1.66
5523	 1.67
5524	 1.66
5525	 1.67
5526	 1.60
5527	 2.55
5528	 1.66
5529	 1.60
5530	 1.61
5531	 1.66
5532	 1.60
5533	 1.64
5534	 1.56
5535	 1.67
5536	 1.14
5537	 1.58
5538	 1.62
5539	 1.63
5540	 2.61
5541	 1.61
5542	 1.66
5543	 1.61
5544	 1.64
5545	 1.66
5546	 1.67
5547	 1.66
5548	 2.54
5549	 1.67
5550	 1.61
5551	 1.58
5552	 1.61
5553	 1.58
5554	 1.66
5555	 1.65
5556	 1.66
5557	 1.66
5558	 1.67
5559	 2.58
5560	 1.65
5561	 1.53
5562	 1.66
5563	 1.60
5564	 1.67
5565	 1.66
5566	 1.66
5567	 1.65
5568	 1.58
5569	 1.65
5570	 1.66
5571	 1.60
5572	 1.66
5573	 1.66
5574	 1.66
5575	 1.62
5576	 1.58
5577	 1.67
5578	 1.67
5579	 1.65
5580	 2.57
5581	 1.59
5582	 1.63
5583	 1.61
5584	 1.66
5585	 2.52
5586	 1.54
5587	 1.66
5588	 1.66
5589	 1.61
5590	 1.58
5591	 1.67
5592	 1.44
5593	 1.62
5594	 1.61
5595	 1.58
5596	 1.62
5597	 1.68
5598	 1.59
5599	 1.62
5600	 1.61
5601	 2.77
5602	 2.16
5603	 1.61
5604	 1.58
5605	 2.57
5606	 1.66
5607	 1.61
5608	 2.00
5609	 1.61
5610	 1.58
5611	 1.66
5612	 1.62
5613	 1.59
5614	 1.60
5615	 1.66
5616	 1.61
5617	 1.64
5618	 1.66
5619	 2.05
5620	 1.54
5621	 2.75
5622	 1.67
5623	 1.13
5624	 2.53
5625	 1.60
5626	 1.66
5627	 1.12
5628	 1.59
5629	 1.62
5630	 1.58
5631	 1.66
5632	 1.82
5633	 1.64
5634	 1.67
5635	 1.66
5636	 1.62
5637	 1.58
5638	 1.66
5639	 1.66
5640	 2.60
5641	 1.67
5642	 2.56
5643	 3.38
5644	 1.66
5645	 1.66
5646	 1.16
5647	 1.66
5648	 1.66
5649	 1.61
5650	 1.64
5651	 1.66
5652	 1.62
5653	 1.63
5654	 1.62
5655	 1.60
5656	 1.89
5657	 1.62
5658	 1.58
5659	 1.67
5660	 1.66
5661	 4.45
5662	 1.59
5663	 1.64
5664	 1.67
5665	 1.61
5666	 1.58
5667	 1.61
5668	 1.60
5669	 1.66
5670	 1.66
5671	 1.67
5672	 1.66
5673	 1.47
5674	 1.65
5675	 3.66
5676	 1.63
5677	 1.61
5678	 1.62
5679	 1.47
5680	 1.60
5681	 2.03
5682	 4.59
5683	 1.61
5684	 4.09
5685	 1.59
5686	 1.66
5687	 1.61
5688	 3.84
5689	 1.66
5690	 1.66
5691	 1.66
5692	 1.61
5693	 1.66
5694	 1.66
5695	 1.66
5696	 1.61
5697	 1.61
5698	 1.66
5699	 1.61
5700	 1.66
5701	 1.99
5702	 1.66
5703	 3.30
5704	 1.61
5705	 1.66
5706	 1.66
5707	 1.62
5708	 1.66
5709	 1.60
5710	 1.59
5711	 1.66
5712	 1.66
5713	 1.66
5714	 1.66
5715	 1.66
5716	 1.67
5717	 1.66
5718	 2.07
5719	 1.56
5720	 1.66
5721	 1.66
5722	 2.58
5723	 1.66
5724	 2.52
5725	 1.62
5726	 1.62
5727	 1.55
5728	 1.61
5729	 1.65
5730	 1.61
5731	 1.66
5732	 1.22
5733	 1.64
5734	 1.61
5735	 1.62
5736	 3.22
5737	 1.66
5738	 1.66
5739	 1.62
5740	 1.55
5741	 1.66
5742	 1.60
5743	 3.40
5744	 2.46
5745	 1.62
5746	 1.66
5747	 1.62
5748	 1.61
5749	 1.61
5750	 1.61
5751	 1.97
5752	 1.67
5753	 1.67
5754	 1.66
5755	 1.66
5756	 1.66
5757	 1.66
5758	 1.66
5759	 1.66
5760	 1.61
5761	 1.64
5762	 1.66
5763	 2.49
5764	 2.48
5765	 1.66
5766	 3.36
5767	 2.66
5768	 1.62
5769	 1.64
5770	 1.65
5771	 1.60
5772	 1.61
5773	 1.62
5774	 1.58
5775	 1.66
5776	 1.66
5777	 1.18
5778	 1.66
5779	 1.65
5780	 1.61
5781	 1.62
5782	 1.65
5783	 2.52
5784	 1.66
5785	 2.50
5786	 1.67
5787	 1.59
5788	 1.67
5789	 1.61
5790	 1.66
5791	 1.61
5792	 1.92
5793	 1.66
5794	 1.60
5795	 1.15
5796	 1.60
5797	 1.58
5798	 1.64
5799	 1.66
5800	 1.61
5801	 1.66
5802	 3.53
5803	 1.67
5804	 1.66
5805	 1.64
5806	 1.67
5807	 1.62
5808	 1.64
5809	 1.67
5810	 1.67
5811	 1.59
5812	 1.61
5813	 1.66
5814	 1.60
5815	 1.66
5816	 1.66
5817	 1.70
5818	 1.61
5819	 1.66
5820	 1.62
5821	 1.66
5822	 2.48
5823	 3.53
5824	 1.22
5825	 1.66
5826	 1.66
5827	 1.67
5828	 1.66
5829	 1.59
5830	 1.66
5831	 1.66
5832	 1.59
5833	 1.67
5834	 1.58
5835	 2.23
5836	 1.91
5837	 2.04
5838	 1.35
5839	 1.66
5840	 2.04
5841	 1.60
5842	 3.55
5843	 1.66
5844	 2.51
5845	 1.61
5846	 1.66
5847	 1.59
5848	 1.60
5849	 1.61
5850	 1.58
5851	 1.61
5852	 1.66
5853	 1.60
5854	 1.61
5855	 1.61
5856	 1.65
5857	 1.66
5858	 1.66
5859	 1.66
5860	 1.60
5861	 2.49
5862	 1.59
5863	 1.67
5864	 1.61
5865	 2.55
5866	 1.67
5867	 1.66
5868	 1.62
5869	 1.61
5870	 1.58
5871	 1.67
5872	 1.88
5873	 1.51
5874	 1.61
5875	 1.67
5876	 1.67
5877	 1.60
5878	 1.66
5879	 2.47
5880	 1.64
5881	 1.55
5882	 1.66
5883	 1.66
5884	 1.66
5885	 2.60
5886	 1.62
5887	 1.66
5888	 1.59
5889	 1.66
5890	 1.66
5891	 1.66
5892	 1.66
5893	 1.62
5894	 1.66
5895	 1.60
5896	 1.68
5897	 1.61
5898	 2.51
5899	 1.62
5900	 1.66
5901	 1.60
5902	 1.66
5903	 1.66
5904	 4.26
5905	 1.61
5906	 1.59
5907	 1.66
5908	 1.67
5909	 1.91
5910	 1.66
5911	 1.63
5912	 1.59
5913	 1.66
5914	 1.61
5915	 1.67
5916	 1.67
5917	 2.54
5918	 1.62
5919	 1.64
5920	 1.62
5921	 1.62
5922	 1.58
5923	 1.94
5924	 2.49
5925	 1.66
5926	 1.61
5927	 1.66
5928	 1.66
5929	 1.66
5930	 1.66
5931	 1.61
5932	 1.54
5933	 1.61
5934	 2.48
5935	 1.62
5936	 1.55
5937	 1.66
5938	 1.45
5939	 1.66
5940	 1.65
5941	 1.57
5942	 1.66
5943	 1.66
5944	 1.66
5945	 2.48
5946	 1.66
5947	 4.06
5948	 1.61
5949	 1.64
5950	 1.61
5951	 1.66
5952	 1.59
5953	 1.66
5954	 2.29
5955	 2.85
5956	 1.61
5957	 1.96
5958	 1.59
5959	 1.59
5960	 1.66
5961	 1.66
5962	 1.66
5963	 1.67
5964	 1.66
5965	 2.51
5966	 1.58
5967	 1.62
5968	 2.12
5969	 1.66
5970	 1.59
5971	 1.66
5972	 1.66
5973	 1.65
5974	 1.59
5975	 3.65
5976	 1.61
5977	 1.58
5978	 1.66
5979	 1.66
5980	 1.65
5981	 1.61
5982	 1.65
5983	 1.66
5984	 2.60
5985	 1.66
5986	 1.61
5987	 1.66
5988	 1.66
5989	 1.49
5990	 3.13
5991	 1.60
5992	 1.61
5993	 1.58
5994	 2.04
5995	 1.31
5996	 1.64
5997	 1.66
5998	 1.66
5999	 1.61
6000	 1.67
6001	 1.60
6002	 1.88
6003	 1.66
6004	 1.60
6005	 2.57
6006	 1.67
6007	 1.66
6008	 1.61
6009	 1.58
6010	 1.60
6011	 1.66
6012	 1.66
6013	 1.67
6014	 2.53
6015	 1.60
6016	 1.60
6017	 1.66
6018	 1.60
6019	 1.11
6020	 1.66
6021	 1.65
6022	 1.67
6023	 1.66
6024	 1.63
6025	 5.36
6026	 1.65
6027	 1.60
6028	 1.68
6029	 1.61
6030	 1.57
6031	 2.15
6032	 3.71
6033	 1.53
6034	 1.67
6035	 1.66
6036	 1.66
6037	 1.61
6038	 1.64
6039	 1.66
6040	 1.62
6041	 1.66
6042	 1.60
6043	 1.61
6044	 2.59
6045	 1.66
6046	 1.61
6047	 1.66
6048	 1.60
6049	 1.66
6050	 4.65
6051	 1.61
6052	 2.51
6053	 1.61
6054	 1.59
6055	 3.99
6056	 1.62
6057	 2.06
6058	 1.60
6059	 1.66
6060	 1.60
6061	 1.66
6062	 1.66
6063	 1.66
6064	 1.63
6065	 2.53
6066	 1.66
6067	 1.68
6068	 1.66
6069	 1.59
6070	 1.87
6071	 1.64
6072	 1.67
6073	 2.59
6074	 1.66
6075	 1.62
6076	 1.64
6077	 1.67
6078	 1.67
6079	 1.61
6080	 1.37
6081	 1.61
6082	 1.66
6083	 1.59
6084	 1.65
6085	 1.61
6086	 2.49
6087	 1.60
6088	 1.62
6089	 1.58
6090	 1.67
6091	 1.66
6092	 1.62
6093	 2.53
6094	 1.61
6095	 1.66
6096	 1.60
6097	 1.90
6098	 1.62
6099	 1.65
6100	 1.67
6101	 3.24
6102	 1.66
6103	 1.65
6104	 1.66
6105	 2.56
6106	 1.63
6107	 1.62
6108	 1.57
6109	 1.62
6110	 1.58
6111	 1.66
6112	 2.53
6113	 1.66
6114	 1.66
6115	 1.60
6116	 1.66
6117	 1.59
6118	 1.66
6119	 1.65
6120	 1.67
6121	 1.66
6122	 1.84
6123	 1.58
6124	 2.54
6125	 1.98
6126	 1.66
6127	 2.22
6128	 1.67
6129	 1.60
6130	 1.67
6131	 1.66
6132	 2.50
6133	 1.66
6134	 1.66
6135	 1.67
6136	 1.59
6137	 1.65
6138	 1.67
6139	 1.66
6140	 1.66
6141	 1.66
6142	 1.61
6143	 1.65
6144	 1.66
6145	 2.42
6146	 1.54
6147	 3.13
6148	 1.67
6149	 1.60
6150	 1.66
6151	 2.51
6152	 1.66
6153	 1.64
6154	 1.55
6155	 1.66
6156	 1.67
6157	 1.62
6158	 1.67
6159	 1.59
6160	 1.66
6161	 1.60
6162	 1.58
6163	 1.61
6164	 1.58
6165	 1.67
6166	 2.45
6167	 1.61
6168	 1.58
6169	 1.61
6170	 1.54
6171	 1.64
6172	 2.49
6173	 1.66
6174	 1.67
6175	 1.42
6176	 1.67
6177	 1.66
6178	 1.61
6179	 1.58
6180	 1.66
6181	 1.25
6182	 1.64
6183	 1.66
6184	 1.13
6185	 1.66
6186	 2.50
6187	 1.62
6188	 1.66
6189	 1.60
6190	 2.53
6191	 1.58
6192	 1.16
6193	 1.67
6194	 1.67
6195	 1.61
6196	 1.66
6197	 1.61
6198	 1.65
6199	 1.66
6200	 1.51
6201	 1.62
6202	 1.68
6203	 1.67
6204	 1.14
6205	 2.52
6206	 1.61
6207	 1.58
6208	 1.60
6209	 2.58
6210	 1.60
6211	 1.66
6212	 1.60
6213	 1.67
6214	 1.61
6215	 1.66
6216	 1.97
6217	 3.70
6218	 1.63
6219	 1.67
6220	 1.62
6221	 1.64
6222	 1.66
6223	 1.66
6224	 1.66
6225	 1.59
6226	 2.54
6227	 1.65
6228	 1.94
6229	 1.62
6230	 2.20
6231	 1.66
6232	 1.61
6233	 1.66
6234	 1.25
6235	 1.66
6236	 1.61
6237	 1.58
6238	 1.65
6239	 1.68
6240	 1.62
6241	 1.67
6242	 1.67
6243	 1.61
6244	 1.62
6245	 1.65
6246	 1.60
6247	 2.57
6248	 1.65
6249	 2.48
6250	 1.62
6251	 1.67
6252	 1.42
6253	 1.61
6254	 2.26
6255	 1.66
6256	 1.66
6257	 3.33
6258	 1.60
6259	 1.99
6260	 1.90
6261	 1.97
6262	 1.66
6263	 1.67
6264	 1.66
6265	 1.66
6266	 1.61
6267	 2.51
6268	 1.66
6269	 1.61
6270	 2.44
6271	 1.56
6272	 1.67
6273	 1.66
6274	 1.65
6275	 1.99
6276	 2.54
6277	 1.66
6278	 1.82
6279	 1.66
6280	 2.51
6281	 1.41
6282	 1.67
6283	 1.62
6284	 1.58
6285	 1.67
6286	 2.54
6287	 1.66
6288	 1.66
6289	 1.60
6290	 2.57
6291	 1.61
6292	 1.67
6293	 2.34
6294	 1.64
6295	 2.02
6296	 1.61
6297	 1.66
6298	 1.60
6299	 1.66
6300	 1.66
6301	 1.67
6302	 1.66
6303	 1.60
6304	 3.62
6305	 1.63
6306	 2.49
6307	 1.62
6308	 1.66
6309	 2.48
6310	 1.66
6311	 1.59
6312	 1.59
6313	 1.66
6314	 1.66
6315	 1.31
6316	 1.61
6317	 1.58
6318	 1.67
6319	 1.60
6320	 1.66
6321	 1.59
6322	 1.66
6323	 1.61
6324	 1.59
6325	 1.66
6326	 1.67
6327	 1.60
6328	 1.61
6329	 1.66
6330	 1.66
6331	 2.47
6332	 1.61
6333	 1.66
6334	 1.62
6335	 1.58
6336	 1.66
6337	 1.66
6338	 1.90
6339	 1.57
6340	 1.61
6341	 1.58
6342	 1.67
6343	 1.60
6344	 1.67
6345	 1.66
6346	 1.94
6347	 1.61
6348	 1.62
6349	 1.61
6350	 1.61
6351	 1.59
6352	 2.56
6353	 1.67
6354	 1.61
6355	 1.58
6356	 1.64
6357	 1.63
6358	 1.67
6359	 1.13
6360	 1.62
6361	 1.58
6362	 1.66
6363	 1.67
6364	 1.61
6365	 1.67
6366	 1.59
6367	 2.44
6368	 1.64
6369	 3.95
6370	 1.66
6371	 1.65
6372	 1.61
6373	 2.57
6374	 1.66
6375	 1.93
6376	 1.61
6377	 1.66
6378	 1.68
6379	 1.66
6380	 1.61
6381	 1.76
6382	 1.61
6383	 1.65
6384	 1.66
6385	 1.61
6386	 1.64
6387	 2.59
6388	 1.84
6389	 1.62
6390	 1.66
6391	 1.65
6392	 1.66
6393	 1.66
6394	 2.54
6395	 1.62
6396	 1.66
6397	 1.62
6398	 1.66
6399	 1.67
6400	 1.61
6401	 2.06
6402	 1.66
6403	 1.67
6404	 2.60
6405	 1.67
6406	 1.62
6407	 1.65
6408	 1.59
6409	 1.67
6410	 1.91
6411	 1.62
6412	 1.62
6413	 1.62
6414	 1.66
6415	 1.61
6416	 1.58
6417	 1.67
6418	 1.62
6419	 1.50
6420	 3.11
6421	 1.60
6422	 1.66
6423	 1.66
6424	 1.67
6425	 2.57
6426	 1.60
6427	 1.66
6428	 1.85
6429	 1.58
6430	 1.66
6431	 1.66
6432	 1.62
6433	 2.49
6434	 1.65
6435	 1.61
6436	 1.66
6437	 1.61
6438	 1.61
6439	 1.61
6440	 1.61
6441	 1.48
6442	 1.62
6443	 1.66
6444	 1.58
6445	 1.58
6446	 2.59
6447	 1.67
6448	 1.61
6449	 1.12
6450	 1.58
6451	 1.61
6452	 1.67
6453	 1.66
6454	 3.63
6455	 1.62
6456	 1.67
6457	 1.61
6458	 1.67
6459	 1.66
6460	 1.60
6461	 1.63
6462	 1.61
6463	 1.58
6464	 1.93
6465	 1.58
6466	 1.61
6467	 2.45
6468	 1.67
6469	 1.63
6470	 1.58
6471	 1.64
6472	 1.60
6473	 1.64
6474	 2.43
6475	 1.94
6476	 1.67
6477	 1.66
6478	 1.66
6479	 1.66
6480	 1.19
6481	 1.66
6482	 1.66
6483	 1.65
6484	 1.15
6485	 2.60
6486	 1.60
6487	 1.67
6488	 1.66
6489	 1.60
6490	 1.61
6491	 1.58
6492	 1.66
6493	 2.50
6494	 1.66
6495	 1.60
6496	 1.67
6497	 1.68
6498	 1.60
6499	 1.68
6500	 1.67
6501	 1.62
6502	 1.66
6503	 1.67
6504	 2.51
6505	 3.21
6506	 1.66
6507	 1.65
6508	 1.61
6509	 1.66
6510	 1.67
6511	 1.66
6512	 1.67
6513	 2.56
6514	 1.61
6515	 2.10
6516	 1.60
6517	 1.61
6518	 1.64
6519	 1.66
6520	 1.67
6521	 1.62
6522	 1.58
6523	 1.66
6524	 1.66
6525	 2.48
6526	 1.68
6527	 1.62
6528	 1.66
6529	 1.62
6530	 1.66
6531	 1.62
6532	 2.55
6533	 1.60
6534	 1.58
6535	 1.61
6536	 1.62
6537	 1.58
6538	 1.62
6539	 1.58
6540	 1.67
6541	 1.62
6542	 1.55
6543	 1.66
6544	 1.38
6545	 1.62
6546	 2.50
6547	 1.62
6548	 1.64
6549	 1.80
6550	 1.67
6551	 1.66
6552	 1.67
6553	 2.56
6554	 1.61
6555	 1.66
6556	 1.66
6557	 1.61
6558	 1.58
6559	 1.62
6560	 1.66
6561	 1.68
6562	 1.66
6563	 1.67
6564	 2.60
6565	 1.61
6566	 2.00
6567	 1.60
6568	 1.67
6569	 1.66
6570	 1.67
6571	 1.60
6572	 1.61
6573	 2.71
6574	 1.67
6575	 1.62
6576	 1.58
6577	 1.67
6578	 1.66
6579	 1.61
6580	 1.64
6581	 1.67
6582	 2.49
6583	 1.66
6584	 1.62
6585	 1.58
6586	 1.61
6587	 1.64
6588	 1.65
6589	 1.62
6590	 1.58
6591	 2.53
6592	 1.60
6593	 1.66
6594	 1.61
6595	 1.66
6596	 1.61
6597	 1.64
6598	 1.66
6599	 1.66
6600	 2.39
6601	 1.66
6602	 2.54
6603	 1.60
6604	 1.66
6605	 1.67
6606	 1.60
6607	 1.61
6608	 1.66
6609	 1.60
6610	 1.62
6611	 1.59
6612	 3.69
6613	 1.61
6614	 1.58
6615	 1.63
6616	 1.60
6617	 1.66
6618	 1.67
6619	 1.67
6620	 1.30
6621	 3.84
6622	 1.66
6623	 1.67
6624	 4.17
6625	 1.59
6626	 1.61
6627	 1.59
6628	 1.65
6629	 1.66
6630	 1.62
6631	 1.58
6632	 1.66
6633	 2.62
6634	 1.57
6635	 1.66
6636	 1.60
6637	 1.66
6638	 1.59
6639	 2.50
6640	 1.61
6641	 1.65
6642	 1.66
6643	 1.63
6644	 1.59
6645	 1.62
6646	 1.66
6647	 1.67
6648	 1.60
6649	 1.63
6650	 1.61
6651	 1.59
6652	 1.66
6653	 2.57
6654	 1.66
6655	 1.67
6656	 1.66
6657	 2.60
6658	 1.67
6659	 1.66
6660	 1.66
6661	 1.60
6662	 1.34
6663	 1.61
6664	 1.64
6665	 1.66
6666	 1.62
6667	 1.66
6668	 1.66
6669	 1.62
6670	 1.61
6671	 1.59
6672	 1.67
6673	 1.62
6674	 2.48
6675	 1.66
6676	 1.61
6677	 1.64
6678	 2.61
6679	 1.66
6680	 1.67
6681	 1.67
6682	 1.63
6683	 1.67
6684	 1.66
6685	 1.60
6686	 1.66
6687	 1.63
6688	 1.61
6689	 1.62
6690	 1.61
6691	 1.66
6692	 1.92
6693	 1.66
6694	 2.62
6695	 1.66
6696	 1.66
6697	 1.59
6698	 1.58
6699	 2.62
6700	 1.66
6701	 1.66
6702	 1.61
6703	 1.62
6704	 1.66
6705	 1.66
6706	 1.60
6707	 1.66
6708	 1.67
6709	 1.66
6710	 1.67
6711	 1.66
6712	 1.67
6713	 2.49
6714	 1.62
6715	 1.64
6716	 1.66
6717	 1.66
6718	 2.56
6719	 3.19
6720	 1.66
6721	 1.66
6722	 1.66
6723	 1.67
6724	 1.66
6725	 1.63
6726	 1.66
6727	 1.67
6728	 1.66
6729	 1.60
6730	 1.66
6731	 1.60
6732	 1.60
6733	 1.61
6734	 1.53
6735	 1.66
6736	 1.60
6737	 1.66
6738	 1.67
6739	 2.51
6740	 1.39
6741	 3.01
6742	 4.15
6743	 1.69
6744	 1.59
6745	 1.66
6746	 1.65
6747	 1.66
6748	 1.61
6749	 1.67
6750	 2.04
6751	 1.67
6752	 3.39
6753	 1.66
6754	 1.66
6755	 1.66
6756	 1.64
6757	 1.60
6758	 1.58
6759	 3.51
6760	 1.66
6761	 1.66
6762	 1.66
6763	 1.62
6764	 1.67
6765	 1.62
6766	 1.58
6767	 1.66
6768	 1.60
6769	 1.66
6770	 1.68
6771	 1.66
6772	 1.35
6773	 2.63
6774	 1.60
6775	 1.66
6776	 2.57
6777	 1.66
6778	 1.93
6779	 1.93
6780	 1.66
6781	 1.67
6782	 1.66
6783	 1.67
6784	 1.67
6785	 1.66
6786	 1.62
6787	 1.66
6788	 1.59
6789	 1.59
6790	 1.62
6791	 1.59
6792	 1.64
6793	 1.66
6794	 2.63
6795	 1.60
6796	 1.61
6797	 2.52
6798	 1.58
6799	 1.66
6800	 1.66
6801	 1.60
6802	 1.66
6803	 1.61
6804	 1.58
6805	 1.61
6806	 1.67
6807	 3.24
6808	 1.66
6809	 1.66
6810	 1.59
6811	 1.66
6812	 1.71
6813	 1.67
6814	 1.62
6815	 2.42
6816	 1.15
6817	 3.68
6818	 1.66
6819	 2.67
6820	 1.66
6821	 1.66
6822	 1.66
6823	 1.61
6824	 1.61
6825	 1.66
6826	 1.62
6827	 1.58
6828	 1.64
6829	 1.66
6830	 1.61
6831	 1.58
6832	 2.06
6833	 1.66
6834	 1.50
6835	 1.66
6836	 4.27
6837	 1.67
6838	 1.59
6839	 1.61
6840	 1.54
6841	 1.61
6842	 2.55
6843	 1.66
6844	 1.66
6845	 1.68
6846	 1.63
6847	 1.62
6848	 1.67
6849	 1.62
6850	 1.94
6851	 1.67
6852	 1.60
6853	 1.67
6854	 1.61
6855	 2.27
6856	 1.62
6857	 2.55
6858	 1.66
6859	 1.60
6860	 1.66
6861	 1.66
6862	 1.66
6863	 1.80
6864	 1.66
6865	 1.66
6866	 1.60
6867	 1.66
6868	 1.61
6869	 1.95
6870	 1.66
6871	 1.67
6872	 1.61
6873	 1.58
6874	 1.61
6875	 2.51
6876	 1.66
6877	 2.47
6878	 1.63
6879	 1.58
6880	 1.61
6881	 1.66
6882	 1.66
6883	 1.66
6884	 1.66
6885	 1.66
6886	 1.66
6887	 1.66
6888	 1.66
6889	 1.75
6890	 1.99
6891	 3.65
6892	 1.66
6893	 1.82
6894	 2.15
6895	 1.66
6896	 2.56
6897	 1.59
6898	 1.62
6899	 1.66
6900	 1.61
6901	 1.58
6902	 2.76
6903	 1.66
6904	 1.61
6905	 1.83
6906	 1.63
6907	 1.60
6908	 1.65
6909	 1.66
6910	 1.66
6911	 1.66
6912	 2.59
6913	 1.65
6914	 1.67
6915	 1.60
6916	 2.57
6917	 1.63
6918	 1.58
6919	 1.66
6920	 1.66
6921	 1.60
6922	 1.62
6923	 1.66
6924	 1.66
6925	 1.68
6926	 1.66
6927	 1.66
6928	 1.68
6929	 1.65
6930	 1.60
6931	 2.56
6932	 1.66
6933	 1.61
6934	 1.66
6935	 2.50
6936	 1.67
6937	 1.62
6938	 1.53
6939	 1.65
6940	 1.65
6941	 1.67
6942	 1.61
6943	 1.58
6944	 1.66
6945	 1.66
6946	 1.66
6947	 1.67
6948	 1.59
6949	 1.65
6950	 1.66
6951	 1.61
6952	 2.53
6953	 2.08
6954	 1.67
6955	 2.56
6956	 1.60
6957	 1.58
6958	 1.61
6959	 1.66
6960	 1.61
6961	 1.66
6962	 1.66
6963	 1.66
6964	 1.60
6965	 1.58
6966	 1.66
6967	 2.07
6968	 1.64
6969	 1.67
6970	 1.66
6971	 1.67
6972	 1.56
6973	 2.53
6974	 2.51
6975	 1.64
6976	 1.65
6977	 1.66
6978	 1.66
6979	 1.61
6980	 1.47
6981	 3.14
6982	 1.65
6983	 1.61
6984	 1.66
6985	 1.62
6986	 1.66
6987	 1.66
6988	 1.66
6989	 1.67
6990	 1.66
6991	 1.66
6992	 2.50
6993	 1.66
6994	 1.62
6995	 2.50
6996	 1.67
6997	 1.62
6998	 1.67
6999	 1.66
7000	 1.67
7001	 1.66
7002	 1.67
7003	 1.66
7004	 1.67
7005	 1.66
7006	 1.66
7007	 1.61
7008	 1.58
7009	 1.61
7010	 1.64
7011	 1.59
7012	 1.66
7013	 2.56
7014	 1.60
7015	 1.95
7016	 1.64
7017	 1.62
7018	 1.64
7019	 1.65
7020	 1.65
7021	 1.65
7022	 1.88
7023	 1.93
7024	 1.61
7025	 1.66
7026	 1.60
7027	 1.66
7028	 1.67
7029	 1.66
7030	 1.67
7031	 1.66
7032	 1.54
7033	 1.64
7034	 2.84
7035	 1.60
7036	 1.60
7037	 1.62
7038	 1.89
7039	 1.66
7040	 1.66
7041	 1.57
7042	 1.61
7043	 1.58
7044	 1.67
7045	 1.66
7046	 1.65
7047	 1.66
7048	 1.64
7049	 1.59
7050	 1.66
7051	 1.66
7052	 1.61
7053	 1.64
7054	 2.53
7055	 2.49
7056	 1.66
7057	 1.59
7058	 1.66
7059	 1.66
7060	 1.60
7061	 1.66
7062	 1.28
7063	 1.61
7064	 1.66
7065	 1.65
7066	 3.32
7067	 1.66
7068	 1.67
7069	 1.67
7070	 1.67
7071	 1.66
7072	 4.17
7073	 2.55
7074	 3.68
7075	 1.62
7076	 1.58
7077	 1.63
7078	 1.67
7079	 1.66
7080	 1.60
7081	 2.03
7082	 1.67
7083	 1.67
7084	 1.66
7085	 1.66
7086	 1.60
7087	 1.66
7088	 1.66
7089	 1.66
7090	 1.66
7091	 1.66
7092	 2.05
7093	 1.58
7094	 4.56
7095	 1.06
7096	 1.61
7097	 1.66
7098	 1.59
7099	 1.65
7100	 1.67
7101	 1.61
7102	 2.75
7103	 1.66
7104	 1.66
7105	 1.61
7106	 1.61
7107	 1.61
7108	 1.64
7109	 1.66
7110	 1.66
7111	 1.67
7112	 2.62
7113	 2.32
7114	 1.66
7115	 1.36
7116	 1.64
7117	 1.97
7118	 1.67
7119	 1.57
7120	 1.67
7121	 1.66
7122	 1.66
7123	 1.66
7124	 1.67
7125	 1.61
7126	 1.66
7127	 1.66
7128	 1.67
7129	 1.61
7130	 1.61
7131	 1.65
7132	 1.60
7133	 2.52
7134	 2.31
7135	 3.53
7136	 1.66
7137	 1.58
7138	 1.61
7139	 1.66
7140	 1.60
7141	 1.62
7142	 1.55
7143	 1.82
7144	 1.59
7145	 1.92
7146	 1.58
7147	 1.61
7148	 1.64
7149	 1.66
7150	 1.66
7151	 1.66
7152	 1.67
7153	 2.58
7154	 2.56
7155	 1.61
7156	 1.66
7157	 1.66
7158	 1.60
7159	 2.06
7160	 1.61
7161	 1.58
7162	 1.66
7163	 1.66
7164	 1.60
7165	 1.67
7166	 1.59
7167	 1.94
7168	 1.66
7169	 1.66
7170	 1.66
7171	 1.61
7172	 2.44
7173	 1.58
7174	 2.56
7175	 1.66
7176	 1.60
7177	 1.66
7178	 1.61
7179	 1.59
7180	 1.62
7181	 1.58
7182	 1.67
7183	 1.13
7184	 1.79
7185	 1.61
7186	 1.66
7187	 1.66
7188	 1.61
7189	 1.64
7190	 1.66
7191	 2.52
7192	 1.65
7193	 1.66
7194	 1.65
7195	 3.43
7196	 1.58
7197	 1.64
7198	 3.76
7199	 1.55
7200	 1.58
7201	 1.59
7202	 1.66
7203	 1.62
7204	 1.64
7205	 1.67
7206	 1.66
7207	 2.01
7208	 1.34
7209	 1.66
7210	 1.59
7211	 2.56
7212	 1.55
7213	 1.61
7214	 1.58
7215	 1.62
7216	 2.58
7217	 1.60
7218	 1.66
7219	 1.61
7220	 1.66
7221	 1.66
7222	 1.59
7223	 1.66
7224	 1.66
7225	 1.66
7226	 1.56
7227	 1.58
7228	 2.51
7229	 1.66
7230	 1.59
7231	 1.66
7232	 1.66
7233	 1.67
7234	 2.06
7235	 1.66
7236	 2.49
7237	 1.59
7238	 1.65
7239	 1.67
7240	 1.60
7241	 1.67
7242	 1.66
7243	 1.67
7244	 1.67
7245	 1.65
7246	 1.66
7247	 1.66
7248	 3.49
7249	 1.66
7250	 2.80
7251	 1.66
7252	 1.67
7253	 1.66
7254	 2.40
7255	 1.66
7256	 1.61
7257	 1.58
7258	 1.66
7259	 1.66
7260	 1.60
7261	 1.66
7262	 1.66
7263	 1.66
7264	 1.66
7265	 1.66
7266	 1.66
7267	 1.65
7268	 1.66
7269	 2.52
7270	 1.67
7271	 1.60
7272	 1.67
7273	 1.66
7274	 2.51
7275	 1.66
7276	 1.66
7277	 1.79
7278	 1.67
7279	 1.61
7280	 1.59
7281	 1.67
7282	 1.67
7283	 1.66
7284	 1.67
7285	 1.84
7286	 1.66
7287	 1.42
7288	 2.53
7289	 1.61
7290	 1.66
7291	 1.61
7292	 1.67
7293	 2.52
7294	 1.60
7295	 1.66
7296	 1.66
7297	 1.66
7298	 1.61
7299	 1.58
7300	 1.97
7301	 1.66
7302	 1.60
7303	 1.64
7304	 1.66
7305	 1.60
7306	 1.83
7307	 1.66
7308	 2.42
7309	 1.61
7310	 1.67
7311	 1.67
7312	 1.61
7313	 2.27
7314	 1.66
7315	 1.66
7316	 1.66
7317	 1.66
7318	 1.66
7319	 1.66
7320	 1.58
7321	 1.60
7322	 1.61
7323	 1.62
7324	 3.98
7325	 1.66
7326	 1.67
7327	 2.50
7328	 1.60
7329	 1.67
7330	 2.11
7331	 1.66
7332	 2.53
7333	 1.67
7334	 1.65
7335	 1.66
7336	 1.50
7337	 1.66
7338	 1.66
7339	 1.58
7340	 1.58
7341	 1.66
7342	 1.66
7343	 1.65
7344	 1.89
7345	 1.59
7346	 1.67
7347	 2.46
7348	 1.81
7349	 1.67
7350	 1.66
7351	 3.42
7352	 1.66
7353	 2.49
7354	 1.64
7355	 1.61
7356	 1.57
7357	 1.60
7358	 1.66
7359	 1.66
7360	 1.66
7361	 1.66
7362	 2.00
7363	 1.60
7364	 2.50
7365	 1.66
7366	 1.66
7367	 1.66
7368	 1.72
7369	 2.62
7370	 1.66
7371	 1.66
7372	 1.66
7373	 1.66
7374	 2.60
7375	 1.62
7376	 1.53
7377	 1.67
7378	 1.66
7379	 1.66
7380	 1.66
7381	 1.85
7382	 1.66
7383	 1.39
7384	 2.42
7385	 1.65
7386	 1.66
7387	 1.62
7388	 1.64
7389	 1.67
7390	 1.86
7391	 1.61
7392	 1.72
7393	 1.66
7394	 1.66
7395	 3.46
7396	 1.62
7397	 1.62
7398	 1.58
7399	 1.61
7400	 1.66
7401	 1.67
7402	 1.66
7403	 2.52
7404	 1.07
7405	 1.55
7406	 1.61
7407	 1.58
7408	 1.61
7409	 1.66
7410	 1.66
7411	 1.57
7412	 1.58
7413	 1.67
7414	 1.60
7415	 1.66
7416	 2.57
7417	 1.66
7418	 2.32
7419	 1.67
7420	 1.66
7421	 1.65
7422	 2.54
7423	 1.66
7424	 1.67
7425	 1.66
7426	 1.66
7427	 1.65
7428	 1.66
7429	 1.65
7430	 1.57
7431	 1.66
7432	 1.66
7433	 1.65
7434	 1.61
7435	 1.64
7436	 1.59
7437	 2.55
7438	 1.66
7439	 1.66
7440	 1.27
7441	 1.66
7442	 1.61
7443	 3.48
7444	 1.66
7445	 1.66
7446	 1.60
7447	 1.66
7448	 1.66
7449	 1.65
7450	 1.66
7451	 1.66
7452	 1.62
7453	 1.66
7454	 1.67
7455	 1.61
7456	 1.61
7457	 2.47
7458	 1.66
7459	 1.61
7460	 1.66
7461	 1.91
7462	 1.66
7463	 1.66
7464	 2.42
7465	 4.40
7466	 1.66
7467	 1.93
7468	 1.59
7469	 1.64
7470	 1.56
7471	 1.65
7472	 1.61
7473	 1.58
7474	 1.66
7475	 1.32
7476	 2.59
7477	 1.62
7478	 1.66
7479	 1.61
7480	 1.66
7481	 1.61
7482	 1.58
7483	 1.65
7484	 2.54
7485	 1.67
7486	 1.65
7487	 1.68
7488	 1.66
7489	 1.61
7490	 1.62
7491	 1.66
7492	 1.66
7493	 1.66
7494	 3.39
7495	 1.65
7496	 1.61
7497	 2.26
7498	 1.66
7499	 1.66
7500	 1.66
7501	 2.06
7502	 1.55
7503	 1.62
7504	 1.96
7505	 1.61
7506	 1.66
7507	 1.61
7508	 1.66
7509	 1.65
7510	 1.66
7511	 1.67
7512	 1.60
7513	 1.63
7514	 1.67
7515	 1.66
7516	 1.66
7517	 1.66
7518	 2.49
7519	 1.62
7520	 1.66
7521	 1.59
7522	 3.63
7523	 1.66
7524	 1.65
7525	 1.61
7526	 1.64
7527	 1.59
7528	 1.66
7529	 1.66
7530	 1.65
7531	 1.61
7532	 1.65
7533	 1.59
7534	 1.59
7535	 1.58
7536	 1.66
7537	 1.28
7538	 2.44
7539	 1.66
7540	 1.62
7541	 1.60
7542	 1.67
7543	 1.60
7544	 1.66
7545	 1.86
7546	 1.66
7547	 1.66
7548	 1.65
7549	 1.65
7550	 1.66
7551	 1.35
7552	 1.61
7553	 1.92
7554	 1.66
7555	 1.66
7556	 1.66
7557	 2.52
7558	 1.60
7559	 1.66
7560	 1.60
7561	 2.43
7562	 1.66
7563	 1.62
7564	 1.65
7565	 1.67
7566	 1.61
7567	 1.58
7568	 1.61
7569	 1.62
7570	 1.58
7571	 2.03
7572	 1.67
7573	 1.66
7574	 1.60
7575	 1.63
7576	 1.59
7577	 1.66
7578	 2.53
7579	 1.59
7580	 2.55
7581	 1.66
7582	 1.28
7583	 1.66
7584	 1.66
7585	 1.60
7586	 1.64
7587	 1.66
7588	 2.65
7589	 1.66
7590	 1.66
7591	 1.61
7592	 1.64
7593	 1.66
7594	 1.61
7595	 1.66
7596	 1.59
7597	 1.56
7598	 1.62
7599	 2.45
7600	 2.55
7601	 1.98
7602	 1.31
7603	 2.61
7604	 1.66
7605	 1.66
7606	 1.91
7607	 1.62
7608	 1.59
7609	 1.59
7610	 1.66
7611	 1.67
7612	 1.59
7613	 1.61
7614	 1.66
7615	 1.61
7616	 1.66
7617	 1.59
7618	 1.66
7619	 4.31
7620	 1.65
7621	 1.67
7622	 1.66
7623	 1.66
7624	 1.61
7625	 1.60
7626	 1.66
7627	 1.61
7628	 1.58
7629	 1.86
7630	 1.66
7631	 1.67
7632	 1.59
7633	 1.65
7634	 1.66
7635	 1.66
7636	 1.66
7637	 1.62
7638	 2.57
7639	 1.60
7640	 1.66
7641	 1.65
7642	 1.67
7643	 1.66
7644	 1.65
7645	 1.61
7646	 1.66
7647	 1.66
7648	 1.65
7649	 1.62
7650	 1.66
7651	 1.66
7652	 1.67
7653	 1.66
7654	 1.66
7655	 1.66
7656	 2.65
7657	 1.67
7658	 2.58
7659	 1.28
7660	 1.59
7661	 1.66
7662	 1.66
7663	 1.66
7664	 1.61
7665	 1.66
7666	 1.66
7667	 1.82
7668	 1.66
7669	 1.66
7670	 1.65
7671	 1.61
7672	 1.65
7673	 1.66
7674	 1.66
7675	 1.66
7676	 1.56
7677	 5.34
7678	 1.61
7679	 1.58
7680	 1.66
7681	 1.66
7682	 1.66
7683	 1.67
7684	 1.67
7685	 1.65
7686	 1.66
7687	 1.61
7688	 1.93
7689	 1.61
7690	 1.65
7691	 1.66
7692	 1.63
7693	 1.66
7694	 1.66
7695	 1.66
7696	 1.66
7697	 3.34
7698	 1.66
7699	 1.62
7700	 1.66
7701	 1.66
7702	 1.66
7703	 1.66
7704	 1.66
7705	 1.66
7706	 1.61
7707	 1.58
7708	 1.66
7709	 1.67
7710	 3.87
7711	 1.62
7712	 1.31
7713	 1.60
7714	 1.61
7715	 1.81
7716	 1.60
7717	 2.51
7718	 2.54
7719	 1.66
7720	 1.66
7721	 1.62
7722	 3.98
7723	 1.61
7724	 1.61
7725	 1.58
7726	 1.61
7727	 3.35
7728	 1.55
7729	 1.91
7730	 1.59
7731	 1.66
7732	 1.60
7733	 1.83
7734	 1.66
7735	 1.66
7736	 2.56
7737	 1.60
7738	 1.67
7739	 1.61
7740	 1.66
7741	 1.60
7742	 1.66
7743	 1.60
7744	 1.66
7745	 1.65
7746	 1.66
7747	 1.66
7748	 1.66
7749	 3.72
7750	 1.61
7751	 1.66
7752	 1.60
7753	 1.58
7754	 1.66
7755	 2.42
7756	 2.15
7757	 2.52
7758	 2.23
7759	 1.60
7760	 1.66
7761	 1.87
7762	 1.66
7763	 1.78
7764	 1.56
7765	 1.66
7766	 1.61
7767	 1.59
7768	 3.55
7769	 1.66
7770	 1.60
7771	 1.20
7772	 1.61
7773	 1.75
7774	 1.67
7775	 2.57
7776	 1.65
7777	 1.66
7778	 2.60
7779	 1.57
7780	 1.61
7781	 1.58
7782	 1.67
7783	 1.66
7784	 1.61
7785	 1.96
7786	 1.67
7787	 1.66
7788	 1.61
7789	 1.66
7790	 2.59
7791	 1.65
7792	 1.60
7793	 1.63
7794	 2.57
7795	 1.45
7796	 1.62
7797	 1.58
7798	 2.51
7799	 1.66
7800	 1.67
7801	 1.66
7802	 1.67
7803	 1.59
7804	 1.61
7805	 1.59
7806	 1.61
7807	 1.62
7808	 1.66
7809	 1.62
7810	 1.60
7811	 1.66
7812	 2.54
7813	 1.66
7814	 1.61
7815	 1.65
7816	 1.61
7817	 2.56
7818	 1.61
7819	 1.58
7820	 1.66
7821	 1.93
7822	 1.60
7823	 1.64
7824	 1.21
7825	 1.61
7826	 1.91
7827	 1.65
7828	 1.82
7829	 1.65
7830	 1.66
7831	 2.60
7832	 1.66
7833	 2.90
7834	 1.66
7835	 1.67
7836	 1.66
7837	 1.59
7838	 2.61
7839	 1.25
7840	 1.60
7841	 1.67
7842	 1.66
7843	 1.60
7844	 1.66
7845	 1.66
7846	 1.59
7847	 1.66
7848	 1.66
7849	 1.60
7850	 1.67
7851	 2.51
7852	 2.10
7853	 1.58
7854	 1.66
7855	 1.60
7856	 1.64
7857	 1.67
7858	 1.66
7859	 2.43
7860	 1.62
7861	 1.61
7862	 1.61
7863	 1.59
7864	 1.61
7865	 1.66
7866	 1.63
7867	 1.30
7868	 1.64
7869	 1.61
7870	 2.54
7871	 1.66
7872	 1.66
7873	 1.61
7874	 1.66
7875	 1.66
7876	 1.64
7877	 1.66
7878	 1.66
7879	 1.62
7880	 1.64
7881	 1.66
7882	 1.66
7883	 1.91
7884	 1.12
7885	 1.67
7886	 1.66
7887	 1.60
7888	 2.52
7889	 1.60
7890	 1.67
7891	 1.61
7892	 1.62
7893	 1.66
7894	 1.61
7895	 1.66
7896	 2.03
7897	 1.67
7898	 1.61
7899	 1.99
7900	 2.42
7901	 1.61
7902	 1.58
7903	 1.66
7904	 1.62
7905	 1.61
7906	 1.60
7907	 1.61
7908	 1.58
7909	 2.50
7910	 1.65
7911	 1.60
7912	 1.67
7913	 1.66
7914	 1.59
7915	 1.66
7916	 1.67
7917	 1.66
7918	 1.66
7919	 1.61
7920	 2.47
7921	 1.96
7922	 1.64
7923	 1.60
7924	 1.66
7925	 1.65
7926	 1.96
7927	 1.66
7928	 1.54
7929	 1.97
7930	 2.64
7931	 1.67
7932	 1.67
7933	 1.61
7934	 1.64
7935	 1.62
7936	 1.64
7937	 1.61
7938	 1.65
7939	 2.51
7940	 1.66
7941	 1.66
7942	 1.67
7943	 1.67
7944	 1.66
7945	 1.65
7946	 1.66
7947	 1.66
7948	 1.59
7949	 1.66
7950	 1.66
7951	 2.52
7952	 1.58
7953	 1.61
7954	 1.65
7955	 1.66
7956	 1.60
7957	 1.62
7958	 1.59
7959	 2.51
7960	 1.67
7961	 1.60
7962	 1.79
7963	 1.66
7964	 1.66
7965	 1.62
7966	 1.66
7967	 2.59
7968	 1.66
7969	 1.63
7970	 2.44
7971	 1.66
7972	 1.66
7973	 1.62
7974	 1.19
7975	 1.58
7976	 1.62
7977	 1.62
7978	 2.56
7979	 1.66
7980	 1.67
7981	 1.66
7982	 1.63
7983	 1.66
7984	 2.04
7985	 1.60
7986	 1.58
7987	 1.66
7988	 1.66
7989	 1.66
7990	 1.68
7991	 1.65
7992	 1.60
7993	 1.64
7994	 1.66
7995	 1.66
7996	 1.61
7997	 1.61
7998	 1.60
7999	 2.62
8000	 1.64
8001	 1.65
8002	 1.66
8003	 1.66
8004	 1.66
8005	 1.62
8006	 1.58
8007	 1.66
8008	 1.66
8009	 2.54
8010	 1.67
8011	 1.65
8012	 1.65
8013	 1.66
8014	 1.61
8015	 1.67
8016	 1.67
8017	 1.67
8018	 1.66
8019	 1.66
8020	 2.46
8021	 1.67
8022	 1.66
8023	 1.66
8024	 1.62
8025	 1.58
8026	 1.61
8027	 1.67
8028	 1.66
8029	 1.62
8030	 2.55
8031	 1.66
8032	 1.60
8033	 1.66
8034	 1.60
8035	 1.67
8036	 1.66
8037	 1.66
8038	 1.61
8039	 1.66
8040	 1.59
8041	 2.57
8042	 1.80
8043	 1.58
8044	 1.43
8045	 1.65
8046	 1.66
8047	 1.60
8048	 2.61
8049	 1.66
8050	 1.67
8051	 1.66
8052	 1.60
8053	 1.16
8054	 1.65
8055	 1.65
8056	 1.59
8057	 1.64
8058	 1.67
8059	 1.62
8060	 1.65
8061	 2.57
8062	 1.61
8063	 1.66
8064	 1.60
8065	 1.59
8066	 1.58
8067	 2.48
8068	 1.66
8069	 1.61
8070	 1.67
8071	 1.66
8072	 1.66
8073	 1.66
8074	 1.67
8075	 1.66
8076	 1.61
8077	 1.59
8078	 1.66
8079	 1.66
8080	 2.65
8081	 1.61
8082	 1.66
8083	 1.61
8084	 1.67
8085	 1.60
8086	 1.67
8087	 2.00
8088	 1.60
8089	 1.66
8090	 1.62
8091	 1.58
8092	 1.66
8093	 2.48
8094	 2.66
8095	 1.60
8096	 1.66
8097	 1.67
8098	 4.09
8099	 1.67
8100	 1.60
8101	 2.54
8102	 1.67
8103	 1.60
8104	 2.01
8105	 1.66
8106	 2.49
8107	 1.66
8108	 1.62
8109	 1.59
8110	 1.66
8111	 1.66
8112	 1.67
8113	 1.66
8114	 1.61
8115	 1.58
8116	 1.65
8117	 1.66
8118	 1.66
8119	 1.60
8120	 1.66
8121	 1.66
8122	 2.49
8123	 1.66
8124	 2.58
8125	 1.67
8126	 1.66
8127	 1.59
8128	 1.63
8129	 1.67
8130	 1.66
8131	 1.66
8132	 1.66
8133	 1.66
8134	 1.66
8135	 1.60
8136	 1.98
8137	 1.66
8138	 1.67
8139	 1.17
8140	 1.66
8141	 1.66
8142	 2.49
8143	 2.59
8144	 1.66
8145	 1.66
8146	 1.66
8147	 1.67
8148	 1.66
8149	 1.66
8150	 1.66
8151	 1.59
8152	 1.61
8153	 1.58
8154	 1.63
8155	 1.66
8156	 1.97
8157	 1.58
8158	 1.67
8159	 1.66
8160	 1.52
8161	 2.53
8162	 1.66
8163	 1.61
8164	 2.52
8165	 1.66
8166	 1.60
8167	 1.61
8168	 1.67
8169	 1.62
8170	 1.60
8171	 1.67
8172	 1.60
8173	 1.66
8174	 1.60
8175	 1.58
8176	 1.67
8177	 1.67
8178	 1.66
8179	 1.66
8180	 1.67
8181	 1.60
8182	 2.47
8183	 1.58
8184	 2.48
8185	 1.61
8186	 1.66
8187	 1.66
8188	 2.78
8189	 1.67
8190	 1.66
8191	 1.59
8192	 1.61
8193	 1.81
8194	 1.61
8195	 1.67
8196	 2.22
8197	 1.58
8198	 1.66
8199	 1.66
8200	 2.05
8201	 2.53
8202	 2.49
8203	 1.58
8204	 1.66
8205	 1.78
8206	 1.65
8207	 1.66
8208	 1.59
8209	 1.61
8210	 1.61
8211	 1.58
8212	 1.66
8213	 1.61
8214	 1.59
8215	 1.66
8216	 1.65
8217	 1.67
8218	 1.62
8219	 2.51
8220	 1.66
8221	 4.49
8222	 1.66
8223	 1.66
8224	 1.62
8225	 1.66
8226	 1.66
8227	 1.67
8228	 1.66
8229	 1.66
8230	 1.66
8231	 1.80
8232	 1.12
8233	 1.66
8234	 1.61
8235	 1.56
8236	 1.67
8237	 1.66
8238	 1.66
8239	 1.61
8240	 2.53
8241	 1.67
8242	 2.58
8243	 1.78
8244	 1.67
8245	 1.57
8246	 1.66
8247	 1.59
8248	 1.64
8249	 1.67
8250	 3.87
8251	 1.63
8252	 1.64
8253	 1.67
8254	 1.61
8255	 1.66
8256	 1.66
8257	 1.91
8258	 1.66
8259	 1.66
8260	 2.51
8261	 1.66
8262	 3.48
8263	 1.62
8264	 1.61
8265	 1.61
8266	 1.65
8267	 1.66
8268	 1.66
8269	 1.66
8270	 1.66
8271	 1.62
8272	 1.66
8273	 1.66
8274	 1.61
8275	 1.67
8276	 1.62
8277	 1.43
8278	 1.61
8279	 2.59
8280	 1.60
8281	 1.66
8282	 2.59
8283	 2.49
8284	 1.66
8285	 1.67
8286	 1.59
8287	 1.66
8288	 1.57
8289	 1.62
8290	 1.67
8291	 1.67
8292	 1.61
8293	 1.58
8294	 1.61
8295	 1.66
8296	 1.34
8297	 1.67
8298	 1.66
8299	 1.68
8300	 1.66
8301	 2.45
8302	 1.96
8303	 1.66
8304	 1.62
8305	 1.91
8306	 1.66
8307	 1.66
8308	 1.61
8309	 1.66
8310	 1.67
8311	 1.41
8312	 1.66
8313	 1.61
8314	 3.78
8315	 1.61
8316	 1.67
8317	 2.01
8318	 2.61
8319	 2.43
8320	 1.63
8321	 1.65
8322	 6.03
8323	 1.67
8324	 1.62
8325	 1.49
8326	 1.60
8327	 1.61
8328	 1.58
8329	 1.66
8330	 1.66
8331	 1.66
8332	 2.06
8333	 1.66
8334	 1.66
8335	 1.60
8336	 1.66
8337	 2.52
8338	 1.66
8339	 2.42
8340	 1.66
8341	 1.67
8342	 1.61
8343	 2.49
8344	 1.61
8345	 1.62
8346	 1.67
8347	 1.61
8348	 1.66
8349	 1.60
8350	 1.61
8351	 1.66
8352	 1.66
8353	 1.67
8354	 1.66
8355	 1.67
8356	 1.66
8357	 2.50
8358	 1.58
8359	 1.62
8360	 1.64
8361	 1.61
8362	 1.61
8363	 2.61
8364	 1.67
8365	 1.66
8366	 1.62
8367	 1.61
8368	 1.62
8369	 1.58
8370	 1.66
8371	 1.66
8372	 1.63
8373	 1.60
8374	 1.66
8375	 1.66
8376	 2.44
8377	 1.66
8378	 1.60
8379	 1.58
8380	 1.66
8381	 1.66
8382	 2.54
8383	 1.64
8384	 1.67
8385	 1.61
8386	 1.61
8387	 1.62
8388	 1.62
8389	 1.64
8390	 1.59
8391	 1.65
8392	 1.66
8393	 1.61
8394	 1.59
8395	 1.62
8396	 1.66
8397	 2.49
8398	 1.60
8399	 1.67
8400	 1.65
8401	 1.66
8402	 1.67
8403	 2.51
8404	 1.66
8405	 1.45
8406	 1.66
8407	 1.61
8408	 1.66
8409	 1.60
8410	 1.61
8411	 1.64
8412	 1.61
8413	 1.67
8414	 1.60
8415	 1.67
8416	 1.61
8417	 2.43
8418	 1.63
8419	 1.66
8420	 1.62
8421	 1.66
8422	 1.66
8423	 1.62
8424	 3.49
8425	 1.62
8426	 1.58
8427	 1.67
8428	 1.62
8429	 1.59
8430	 1.62
8431	 1.84
8432	 1.66
8433	 1.68
8434	 2.53
8435	 1.08
8436	 2.77
8437	 1.66
8438	 2.07
8439	 1.60
8440	 1.82
8441	 1.66
8442	 1.60
8443	 1.89
8444	 3.35
8445	 1.66
8446	 1.60
8447	 1.66
8448	 1.67
8449	 1.61
8450	 1.66
8451	 1.66
8452	 2.54
8453	 1.66
8454	 1.60
8455	 2.56
8456	 1.66
8457	 1.66
8458	 1.61
8459	 1.67
8460	 1.66
8461	 1.61
8462	 1.64
8463	 3.44
8464	 1.67
8465	 1.88
8466	 1.66
8467	 1.66
8468	 1.67
8469	 1.67
8470	 1.67
8471	 1.66
8472	 1.61
8473	 1.64
8474	 1.66
8475	 1.60
8476	 3.42
8477	 1.65
8478	 1.67
8479	 2.19
8480	 1.67
8481	 1.60
8482	 2.01
8483	 3.00
8484	 1.62
8485	 1.67
8486	 1.66
8487	 1.66
8488	 1.66
8489	 1.61
8490	 1.58
8491	 1.64
8492	 1.11
8493	 1.66
8494	 2.69
8495	 1.65
8496	 1.66
8497	 2.60
8498	 1.66
8499	 1.66
8500	 1.61
8501	 1.67
8502	 1.66
8503	 1.93
8504	 1.66
8505	 1.60
8506	 1.67
8507	 1.66
8508	 2.55
8509	 1.60
8510	 4.17
8511	 1.61
8512	 1.66
8513	 1.61
8514	 1.58
8515	 3.96
8516	 1.66
8517	 1.66
8518	 1.66
8519	 1.66
8520	 1.65
8521	 2.33
8522	 1.67
8523	 1.66
8524	 1.21
8525	 1.55
8526	 1.66
8527	 1.61
8528	 1.59
8529	 2.56
8530	 1.90
8531	 1.60
8532	 1.64
8533	 1.66
8534	 2.60
8535	 1.66
8536	 1.61
8537	 1.48
8538	 1.66
8539	 1.59
8540	 1.66
8541	 1.61
8542	 1.64
8543	 1.36
8544	 1.66
8545	 1.66
8546	 1.62
8547	 1.58
8548	 1.65
8549	 2.04
8550	 1.59
8551	 1.66
8552	 1.66
8553	 1.59
8554	 2.53
8555	 1.62
8556	 1.64
8557	 1.60
8558	 1.66
8559	 1.62
8560	 1.65
8561	 1.66
8562	 1.66
8563	 1.66
8564	 1.66
8565	 1.59
8566	 1.82
8567	 2.62
8568	 1.60
8569	 2.00
8570	 1.58
8571	 1.66
8572	 2.54
8573	 1.66
8574	 1.66
8575	 1.66
8576	 1.66
8577	 1.66
8578	 1.66
8579	 1.66
8580	 1.59
8581	 2.06
8582	 1.66
8583	 2.21
8584	 1.66
8585	 2.04
8586	 1.66
8587	 1.65
8588	 2.59
8589	 1.66
8590	 1.59
8591	 2.58
8592	 2.62
8593	 1.57
8594	 1.59
8595	 1.66
8596	 1.61
8597	 1.65
8598	 1.66
8599	 1.66
8600	 1.66
8601	 1.59
8602	 1.66
8603	 2.39
8604	 1.66
8605	 1.59
8606	 1.61
8607	 1.61
8608	 2.51
8609	 1.68
8610	 1.66
8611	 2.45
8612	 1.68
8613	 1.60
8614	 1.57
8615	 1.66
8616	 1.66
8617	 1.67
8618	 1.67
8619	 1.66
8620	 1.66
8621	 1.62
8622	 1.66
8623	 1.66
8624	 1.67
8625	 1.66
8626	 1.62
8627	 2.49
8628	 1.60
8629	 1.62
8630	 2.62
8631	 1.66
8632	 1.66
8633	 1.66
8634	 1.66
8635	 1.66
8636	 1.62
8637	 1.66
8638	 2.00
8639	 1.62
8640	 1.99
8641	 1.65
8642	 1.66
8643	 1.66
8644	 2.01
8645	 1.66
8646	 1.29
8647	 1.66
8648	 3.46
8649	 1.59
8650	 1.58
8651	 2.61
8652	 1.65
8653	 1.66
8654	 1.66
8655	 1.67
8656	 1.61
8657	 1.58
8658	 1.61
8659	 1.65
8660	 1.66
8661	 1.62
8662	 1.61
8663	 1.67
8664	 1.67
8665	 1.65
8666	 1.66
8667	 1.62
8668	 2.43
8669	 1.66
8670	 2.68
8671	 1.65
8672	 1.23
8673	 1.56
8674	 1.60
8675	 1.66
8676	 1.65
8677	 1.61
8678	 1.67
8679	 1.66
8680	 1.60
8681	 1.66
8682	 1.55
8683	 1.60
8684	 1.66
8685	 2.04
8686	 1.66
8687	 2.67
8688	 1.58
8689	 2.44
8690	 1.58
8691	 2.61
8692	 1.66
8693	 1.59
8694	 1.64
8695	 1.62
8696	 1.65
8697	 1.61
8698	 1.58
8699	 1.86
8700	 1.11
8701	 1.65
8702	 1.66
8703	 1.80
8704	 1.66
8705	 1.66
8706	 1.65
8707	 2.44
8708	 1.66
8709	 1.59
8710	 1.57
8711	 2.60
8712	 1.66
8713	 1.66
8714	 1.56
8715	 1.65
8716	 1.65
8717	 1.61
8718	 1.66
8719	 1.62
8720	 1.64
8721	 1.66
8722	 1.66
8723	 1.66
8724	 1.66
8725	 1.66
8726	 2.46
8727	 1.64
8728	 1.62
8729	 1.66
8730	 2.53
8731	 2.79
8732	 1.58
8733	 1.66
8734	 1.61
8735	 1.59
8736	 1.65
8737	 1.60
8738	 1.57
8739	 1.66
8740	 1.61
8741	 1.66
8742	 1.59
8743	 1.60
8744	 1.58
8745	 1.67
8746	 1.65
8747	 2.56
8748	 1.66
8749	 2.60
8750	 1.66
8751	 1.61
8752	 1.64
8753	 1.66
8754	 1.65
8755	 2.14
8756	 1.65
8757	 1.67
8758	 1.61
8759	 1.62
8760	 1.61
8761	 1.67
8762	 1.66
8763	 1.61
8764	 1.61
8765	 1.66
8766	 1.59
8767	 2.43
8768	 1.59
8769	 1.66
8770	 4.41
8771	 1.88
8772	 1.65
8773	 1.60
8774	 1.61
8775	 1.58
8776	 1.17
8777	 1.60
8778	 1.64
8779	 1.60
8780	 1.66
8781	 1.60
8782	 1.66
8783	 1.66
8784	 1.66
8785	 1.62
8786	 2.92
8787	 1.66
8788	 1.66
8789	 1.66
8790	 2.62
8791	 1.60
8792	 1.66
8793	 1.66
8794	 1.59
8795	 1.67
8796	 1.68
8797	 1.61
8798	 1.92
8799	 1.13
8800	 1.66
8801	 1.66
8802	 1.60
8803	 1.60
8804	 1.59
8805	 1.47
8806	 1.64
8807	 2.56
8808	 1.66
8809	 4.09
8810	 1.66
8811	 1.60
8812	 1.66
8813	 1.61
8814	 1.58
8815	 1.61
8816	 1.66
8817	 1.59
8818	 1.66
8819	 1.62
8820	 1.58
8821	 2.01
8822	 1.58
8823	 1.66
8824	 1.65
8825	 1.66
8826	 1.59
8827	 1.61
8828	 2.45
8829	 2.52
8830	 1.62
8831	 1.66
8832	 1.60
8833	 1.60
8834	 1.58
8835	 1.61
8836	 1.66
8837	 1.65
8838	 2.43
8839	 1.66
8840	 1.65
8841	 1.58
8842	 1.66
8843	 1.67
8844	 1.55
8845	 2.57
8846	 1.56
8847	 1.66
8848	 3.50
8849	 1.66
8850	 1.60
8851	 1.66
8852	 1.67
8853	 1.66
8854	 2.39
8855	 1.67
8856	 1.66
8857	 1.59
8858	 1.67
8859	 1.66
8860	 1.14
8861	 1.66
8862	 1.65
8863	 1.66
8864	 1.66
8865	 2.55
8866	 1.65
8867	 1.66
8868	 1.60
8869	 2.43
8870	 3.43
8871	 1.66
8872	 1.66
8873	 1.66
8874	 1.59
8875	 1.61
8876	 1.66
8877	 1.59
8878	 2.99
8879	 1.58
8880	 1.67
8881	 1.60
8882	 1.64
8883	 1.59
8884	 2.49
8885	 1.20
8886	 1.66
8887	 1.67
8888	 1.67
8889	 2.59
8890	 1.65
8891	 1.61
8892	 1.64
8893	 1.57
8894	 1.66
8895	 1.65
8896	 1.66
8897	 1.60
8898	 1.66
8899	 1.66
8900	 1.66
8901	 1.61
8902	 1.58
8903	 2.52
8904	 1.61
8905	 3.37
8906	 1.66
8907	 1.65
8908	 2.50
8909	 1.66
8910	 1.62
8911	 1.66
8912	 1.62
8913	 1.04
8914	 1.66
8915	 1.66
8916	 1.61
8917	 1.67
8918	 1.66
8919	 1.62
8920	 1.83
8921	 1.97
8922	 1.66
8923	 1.26
8924	 2.52
8925	 1.58
8926	 1.61
8927	 1.66
8928	 1.59
8929	 1.62
8930	 1.65
8931	 1.67
8932	 1.66
8933	 1.60
8934	 3.61
8935	 3.93
8936	 1.67
8937	 1.65
8938	 1.60
8939	 1.67
8940	 1.47
8941	 1.66
8942	 1.66
8943	 1.66
8944	 1.65
8945	 2.59
8946	 1.66
8947	 2.52
8948	 1.66
8949	 1.66
8950	 1.66
8951	 1.66
8952	 3.82
8953	 1.66
8954	 1.60
8955	 1.66
8956	 1.67
8957	 1.61
8958	 1.58
8959	 1.66
8960	 1.66
8961	 1.63
8962	 1.66
8963	 1.61
8964	 1.58
8965	 1.67
8966	 2.57
8967	 1.60
8968	 3.70
8969	 1.66
8970	 1.66
8971	 1.66
8972	 1.62
8973	 1.58
8974	 1.65
8975	 1.66
8976	 1.61
8977	 1.64
8978	 1.65
8979	 1.60
8980	 1.64
8981	 1.65
8982	 1.66
8983	 1.62
8984	 2.46
8985	 1.61
8986	 1.55
8987	 1.66
8988	 1.60
8989	 2.74
8990	 1.61
8991	 1.57
8992	 1.61
8993	 1.66
8994	 3.71
8995	 1.59
8996	 1.66
8997	 1.65
8998	 1.62
8999	 1.67
9000	 2.07
9001	 1.59
9002	 1.65
9003	 2.54
9004	 1.59
9005	 1.17
9006	 1.60
9007	 1.41
9008	 1.65
9009	 1.66
9010	 2.45
9011	 1.66
9012	 1.59
9013	 1.66
9014	 1.65
9015	 1.59
9016	 1.66
9017	 1.66
9018	 1.25
9019	 1.60
9020	 1.66
9021	 1.66
9022	 1.66
9023	 1.66
9024	 2.54
9025	 1.89
9026	 1.58
9027	 1.66
9028	 1.65
9029	 1.66
9030	 1.66
9031	 2.47
9032	 1.66
9033	 1.64
9034	 1.61
9035	 1.58
9036	 1.62
9037	 1.66
9038	 1.66
9039	 1.66
9040	 1.59
9041	 1.66
9042	 1.59
9043	 1.66
9044	 2.48
9045	 1.66
9046	 1.44
9047	 1.66
9048	 1.59
9049	 1.60
9050	 1.64
9051	 1.62
9052	 2.57
9053	 1.61
9054	 1.58
9055	 1.61
9056	 1.58
9057	 1.65
9058	 1.62
9059	 1.41
9060	 1.61
9061	 2.59
9062	 1.65
9063	 1.66
9064	 1.67
9065	 1.46
9066	 1.61
9067	 1.61
9068	 1.61
9069	 1.58
9070	 2.27
9071	 1.66
9072	 2.60
9073	 1.65
9074	 1.27
9075	 1.60
9076	 1.66
9077	 1.66
9078	 1.60
9079	 1.66
9080	 1.66
9081	 1.66
9082	 2.54
9083	 1.80
9084	 1.59
9085	 1.66
9086	 1.61
9087	 1.61
9088	 1.62
9089	 1.61
9090	 1.66
9091	 3.03
9092	 1.58
9093	 1.66
9094	 1.66
9095	 1.95
9096	 1.65
9097	 1.66
9098	 1.61
9099	 1.58
9100	 1.66
9101	 2.17
9102	 2.59
9103	 1.66
9104	 1.61
9105	 1.59
9106	 1.61
9107	 1.62
9108	 1.58
9109	 1.66
9110	 1.60
9111	 2.50
9112	 1.61
9113	 1.66
9114	 1.61
9115	 2.01
9116	 1.66
9117	 1.66
9118	 1.60
9119	 2.52
9120	 1.58
9121	 1.61
9122	 1.66
9123	 3.98
9124	 1.83
9125	 1.18
9126	 1.59
9127	 1.66
9128	 1.66
9129	 1.66
9130	 2.44
9131	 1.58
9132	 1.59
9133	 1.61
9134	 1.58
9135	 1.48
9136	 1.62
9137	 1.67
9138	 1.66
9139	 2.87
9140	 1.66
9141	 1.67
9142	 1.61
9143	 1.58
9144	 1.62
9145	 1.61
9146	 1.31
9147	 1.66
9148	 1.22
9149	 1.66
9150	 2.47
9151	 1.66
9152	 1.66
9153	 1.61
9154	 1.61
9155	 1.67
9156	 1.63
9157	 1.66
9158	 2.62
9159	 1.61
9160	 1.60
9161	 2.28
9162	 1.60
9163	 1.67
9164	 1.61
9165	 1.60
9166	 1.61
9167	 1.66
9168	 2.83
9169	 2.52
9170	 1.62
9171	 1.62
9172	 1.66
9173	 1.66
9174	 1.61
9175	 1.58
9176	 1.66
9177	 1.67
9178	 1.66
9179	 2.57
9180	 1.66
9181	 1.67
9182	 1.65
9183	 1.61
9184	 1.61
9185	 1.66
