1	 2.19
2	 2.16
3	 2.17
4	 2.07
5	 2.16
6	 2.13
7	 2.15
8	 3.14
9	 2.16
10	 2.16
11	 2.10
12	 2.16
13	 2.16
14	 2.12
15	 2.11
16	 2.15
17	 2.16
18	 2.16
19	 2.18
20	 2.15
21	 2.80
22	 2.17
23	 2.17
24	 2.16
25	 3.32
26	 3.26
27	 2.11
28	 2.10
29	 2.16
30	 2.16
31	 2.11
32	 2.16
33	 2.16
34	 3.25
35	 2.09
36	 2.11
37	 2.16
38	 2.10
39	 2.17
40	 2.15
41	 4.40
42	 2.08
43	 2.15
44	 2.17
45	 2.16
46	 3.24
47	 3.25
48	 2.16
49	 2.10
50	 2.29
51	 2.07
52	 2.07
53	 2.16
54	 2.11
55	 2.15
56	 2.16
57	 2.16
58	 2.11
59	 2.11
60	 2.16
61	 2.15
62	 2.10
63	 2.16
64	 2.11
65	 3.17
66	 2.11
67	 2.15
68	 2.15
69	 2.17
70	 4.51
71	 3.44
72	 2.11
73	 2.08
74	 2.11
75	 2.13
76	 2.07
77	 2.11
78	 2.16
79	 2.11
80	 2.15
81	 2.15
82	 2.10
83	 2.16
84	 3.28
85	 2.11
86	 2.15
87	 2.06
88	 4.62
89	 2.16
90	 1.65
91	 2.16
92	 2.11
93	 2.14
94	 2.15
95	 2.11
96	 2.14
97	 2.10
98	 2.15
99	 2.11
100	 2.57
101	 2.18
102	 2.11
103	 3.27
104	 2.11
105	 2.16
106	 2.07
107	 3.27
108	 2.15
109	 2.15
110	 2.44
111	 2.08
112	 2.07
113	 2.13
114	 2.15
115	 2.14
116	 2.16
117	 2.15
118	 2.14
119	 2.15
120	 2.17
121	 2.10
122	 3.17
123	 2.15
124	 2.17
125	 2.16
126	 3.39
127	 2.15
128	 2.11
129	 2.15
130	 2.16
131	 2.15
132	 2.15
133	 2.15
134	 2.15
135	 2.11
136	 2.10
137	 2.16
138	 1.66
139	 1.82
140	 2.13
141	 2.05
142	 2.16
143	 3.19
144	 2.15
145	 2.16
146	 2.16
147	 2.15
148	 2.00
149	 2.12
150	 2.15
151	 2.16
152	 2.10
153	 2.16
154	 2.16
155	 2.15
156	 2.15
157	 2.10
158	 2.15
159	 2.16
160	 3.24
161	 2.15
162	 3.26
163	 2.10
164	 2.15
165	 2.17
166	 2.16
167	 2.15
168	 2.10
169	 2.15
170	 2.10
171	 2.15
172	 2.16
173	 2.15
174	 2.10
175	 2.09
176	 2.15
177	 2.15
178	 2.15
179	 3.18
180	 3.22
181	 2.13
182	 2.15
183	 2.11
184	 2.15
185	 2.10
186	 2.15
187	 2.16
188	 2.15
189	 2.16
190	 2.15
191	 2.14
192	 1.98
193	 2.10
194	 2.15
195	 2.14
196	 2.08
197	 2.15
198	 2.10
199	 4.29
200	 2.15
201	 2.11
202	 2.16
203	 2.16
204	 2.15
205	 2.11
206	 2.10
207	 2.14
208	 2.11
209	 2.11
210	 2.14
211	 2.17
212	 2.15
213	 2.18
214	 2.07
215	 2.15
216	 2.35
217	 1.88
218	 3.20
219	 2.15
220	 2.15
221	 2.16
222	 2.11
223	 2.15
224	 3.20
225	 2.15
226	 2.15
227	 3.34
228	 2.15
229	 2.17
230	 2.15
231	 2.10
232	 2.15
233	 3.81
234	 2.15
235	 3.17
236	 2.15
237	 2.10
238	 2.08
239	 2.16
240	 2.09
241	 2.17
242	 2.15
243	 2.97
244	 2.44
245	 2.19
246	 2.15
247	 2.15
248	 2.15
249	 2.15
250	 2.11
251	 3.16
252	 2.10
253	 2.15
254	 2.15
255	 3.82
256	 2.16
257	 2.16
258	 2.11
259	 2.75
260	 2.18
261	 2.10
262	 2.58
263	 2.15
264	 2.11
265	 2.15
266	 2.10
267	 2.17
268	 2.15
269	 2.10
270	 2.10
271	 2.13
272	 2.07
273	 2.14
274	 3.19
275	 2.14
276	 2.15
277	 2.09
278	 2.16
279	 2.15
280	 2.16
281	 2.16
282	 2.84
283	 2.16
284	 2.18
285	 2.15
286	 2.10
287	 3.19
288	 2.10
289	 2.15
290	 2.15
291	 2.16
292	 2.09
293	 2.16
294	 3.26
295	 2.09
296	 2.11
297	 2.15
298	 2.09
299	 2.15
300	 2.16
301	 2.10
302	 2.15
303	 2.16
304	 2.10
305	 2.13
306	 3.27
307	 2.09
308	 2.16
309	 1.76
310	 2.12
311	 2.15
312	 2.13
313	 3.20
314	 2.11
315	 2.16
316	 2.65
317	 2.15
318	 2.77
319	 2.10
320	 2.15
321	 2.10
322	 2.11
323	 2.63
324	 2.14
325	 2.13
326	 2.16
327	 2.10
328	 2.17
329	 2.15
330	 2.11
331	 2.15
332	 2.16
333	 3.23
334	 2.09
335	 2.15
336	 2.17
337	 2.15
338	 2.15
339	 2.29
340	 2.15
341	 3.19
342	 2.15
343	 2.13
344	 2.16
345	 3.29
346	 2.15
347	 2.16
348	 2.16
349	 1.86
350	 2.11
351	 3.21
352	 2.15
353	 2.11
354	 2.17
355	 2.10
356	 3.39
357	 2.15
358	 3.14
359	 3.09
360	 2.13
361	 2.11
362	 2.11
363	 2.11
364	 3.98
365	 2.11
366	 2.16
367	 2.16
368	 1.71
369	 2.16
370	 2.32
371	 2.15
372	 2.16
373	 2.18
374	 3.33
375	 2.15
376	 2.15
377	 2.06
378	 4.21
379	 2.15
380	 3.32
381	 2.16
382	 2.11
383	 2.08
384	 2.36
385	 2.09
386	 2.16
387	 2.16
388	 2.04
389	 3.28
390	 2.08
391	 2.14
392	 2.15
393	 2.10
394	 3.22
395	 2.11
396	 2.15
397	 2.15
398	 2.15
399	 2.15
400	 1.72
401	 2.11
402	 2.15
403	 2.15
404	 2.16
405	 2.16
406	 2.11
407	 2.15
408	 3.22
409	 2.16
410	 2.10
411	 2.17
412	 2.15
413	 3.16
414	 2.18
415	 2.16
416	 2.11
417	 1.79
418	 2.09
419	 2.16
420	 2.65
421	 2.69
422	 2.14
423	 2.15
424	 2.15
425	 2.11
426	 2.13
427	 2.05
428	 2.13
429	 2.16
430	 2.15
431	 2.16
432	 2.09
433	 4.39
434	 2.15
435	 2.16
436	 2.10
437	 2.15
438	 2.16
439	 2.15
440	 3.73
441	 1.73
442	 2.15
443	 2.16
444	 2.15
445	 2.14
446	 3.13
447	 2.13
448	 2.09
449	 2.15
450	 3.28
451	 2.16
452	 2.16
453	 2.16
454	 2.15
455	 2.17
456	 2.15
457	 2.15
458	 2.10
459	 2.13
460	 2.16
461	 2.11
462	 2.08
463	 2.15
464	 2.15
465	 3.10
466	 2.00
467	 2.16
468	 2.15
469	 2.09
470	 3.25
471	 2.13
472	 1.76
473	 2.18
474	 2.11
475	 2.11
476	 2.16
477	 2.15
478	 2.17
479	 2.16
480	 2.16
481	 2.16
482	 2.12
483	 2.14
484	 2.10
485	 3.28
486	 2.15
487	 4.46
488	 2.16
489	 2.17
490	 2.09
491	 2.15
492	 2.15
493	 2.16
494	 2.16
495	 2.12
496	 2.16
497	 2.11
498	 2.11
499	 2.16
500	 2.15
501	 2.16
502	 2.29
503	 2.11
504	 3.27
505	 2.17
506	 2.17
507	 3.22
508	 2.15
509	 2.09
510	 2.17
511	 2.09
512	 2.16
513	 2.15
514	 2.10
515	 2.16
516	 2.16
517	 2.16
518	 2.15
519	 2.12
520	 2.15
521	 2.11
522	 2.11
523	 3.42
524	 3.14
525	 2.06
526	 2.10
527	 2.11
528	 2.16
529	 2.16
530	 2.16
531	 2.72
532	 2.16
533	 2.60
534	 2.17
535	 2.09
536	 2.15
537	 2.15
538	 2.16
539	 2.35
540	 2.16
541	 3.15
542	 2.15
543	 3.13
544	 2.09
545	 2.15
546	 2.12
547	 2.15
548	 2.16
549	 2.11
550	 2.11
551	 2.16
552	 2.11
553	 3.79
554	 2.17
555	 2.16
556	 2.15
557	 2.10
558	 2.14
559	 2.15
560	 4.29
561	 2.15
562	 2.16
563	 2.15
564	 2.11
565	 2.12
566	 2.16
567	 2.11
568	 2.10
569	 2.15
570	 2.15
571	 2.15
572	 2.15
573	 2.16
574	 2.10
575	 2.15
576	 2.11
577	 2.15
578	 2.11
579	 2.10
580	 2.11
581	 2.08
582	 2.16
583	 2.09
584	 2.16
585	 2.15
586	 2.09
587	 2.17
588	 2.17
589	 2.07
590	 2.16
591	 2.11
592	 2.14
593	 2.09
594	 2.10
595	 2.16
596	 3.20
597	 2.10
598	 3.17
599	 2.16
600	 2.15
601	 2.15
602	 2.11
603	 2.13
604	 2.10
605	 2.16
606	 2.14
607	 2.10
608	 2.11
609	 2.75
610	 2.09
611	 2.15
612	 2.17
613	 2.15
614	 2.15
615	 3.25
616	 2.10
617	 3.18
618	 2.15
619	 2.48
620	 2.16
621	 2.11
622	 2.09
623	 2.15
624	 2.11
625	 2.11
626	 2.16
627	 2.15
628	 2.15
629	 2.13
630	 2.62
631	 2.16
632	 2.16
633	 3.27
634	 2.10
635	 2.13
636	 2.16
637	 3.34
638	 2.11
639	 2.07
640	 2.12
641	 2.15
642	 2.10
643	 2.10
644	 2.12
645	 2.16
646	 2.10
647	 2.08
648	 2.17
649	 2.05
650	 2.17
651	 2.16
652	 3.28
653	 2.11
654	 2.16
655	 2.11
656	 3.23
657	 2.13
658	 3.38
659	 2.17
660	 2.11
661	 2.08
662	 2.16
663	 2.15
664	 2.15
665	 2.16
666	 2.11
667	 2.17
668	 2.15
669	 2.11
670	 3.17
671	 2.17
672	 2.15
673	 2.07
674	 2.07
675	 3.30
676	 2.11
677	 2.11
678	 2.13
679	 4.06
680	 2.17
681	 2.13
682	 2.15
683	 2.16
684	 2.15
685	 4.01
686	 2.16
687	 2.11
688	 3.18
689	 2.15
690	 2.15
691	 2.11
692	 2.08
693	 2.16
694	 3.19
695	 2.10
696	 2.16
697	 2.10
698	 2.15
699	 2.15
700	 2.15
701	 2.16
702	 2.16
703	 2.12
704	 2.17
705	 2.11
706	 2.16
707	 1.66
708	 2.16
709	 2.16
710	 2.15
711	 2.17
712	 2.16
713	 2.11
714	 3.18
715	 2.15
716	 2.16
717	 2.15
718	 2.16
719	 2.11
720	 2.14
721	 2.16
722	 4.22
723	 2.12
724	 3.19
725	 2.86
726	 2.11
727	 2.16
728	 2.15
729	 2.15
730	 2.17
731	 2.11
732	 2.16
733	 3.28
734	 2.11
735	 2.16
736	 2.16
737	 4.21
738	 2.17
739	 3.33
740	 2.17
741	 3.28
742	 2.15
743	 2.15
744	 2.16
745	 2.12
746	 2.17
747	 4.41
748	 2.10
749	 2.08
750	 2.16
751	 2.15
752	 2.10
753	 2.12
754	 2.11
755	 2.15
756	 2.16
757	 2.16
758	 2.16
759	 2.16
760	 2.10
761	 3.25
762	 2.16
763	 2.15
764	 2.16
765	 2.16
766	 2.16
767	 2.17
768	 2.16
769	 2.15
770	 2.14
771	 3.20
772	 2.15
773	 2.15
774	 2.11
775	 2.15
776	 2.11
777	 2.15
778	 3.23
779	 2.15
780	 2.53
781	 3.47
782	 2.16
783	 2.15
784	 2.15
785	 2.16
786	 2.16
787	 4.56
788	 3.19
789	 2.77
790	 3.17
791	 2.15
792	 2.15
793	 2.15
794	 2.16
795	 2.15
796	 2.12
797	 2.13
798	 3.33
799	 2.16
800	 2.74
801	 2.16
802	 2.13
803	 2.16
804	 2.08
805	 2.15
806	 2.11
807	 2.74
808	 2.16
809	 3.19
810	 2.12
811	 2.10
812	 2.16
813	 2.10
814	 2.15
815	 2.15
816	 3.15
817	 1.57
818	 2.16
819	 2.15
820	 2.15
821	 2.15
822	 2.11
823	 2.02
824	 2.14
825	 3.20
826	 2.15
827	 2.11
828	 3.19
829	 2.10
830	 2.79
831	 2.10
832	 2.16
833	 2.33
834	 2.17
835	 3.83
836	 2.40
837	 2.43
838	 2.34
839	 2.39
840	 2.36
841	 3.47
842	 2.15
843	 2.16
844	 2.10
845	 1.67
846	 2.15
847	 2.28
848	 2.13
849	 2.15
850	 3.19
851	 2.16
852	 2.11
853	 2.15
854	 2.16
855	 2.11
856	 2.16
857	 2.11
858	 2.14
859	 2.11
860	 2.08
861	 2.13
862	 2.15
863	 2.15
864	 2.16
865	 2.11
866	 3.28
867	 2.09
868	 2.15
869	 3.26
870	 2.17
871	 2.09
872	 2.16
873	 2.15
874	 2.83
875	 2.15
876	 2.05
877	 2.15
878	 2.15
879	 2.15
880	 2.11
881	 2.13
882	 2.18
883	 2.11
884	 2.16
885	 2.75
886	 3.40
887	 2.17
888	 2.16
889	 2.17
890	 2.16
891	 2.17
892	 2.15
893	 2.17
894	 2.11
895	 2.16
896	 2.16
897	 2.16
898	 2.16
899	 2.15
900	 2.16
901	 2.11
902	 2.17
903	 2.16
904	 2.16
905	 4.38
906	 2.12
907	 2.06
908	 2.16
909	 2.11
910	 2.09
911	 2.15
912	 2.17
913	 2.10
914	 2.16
915	 2.16
916	 2.11
917	 2.11
918	 2.07
919	 2.16
920	 2.15
921	 2.16
922	 3.14
923	 2.17
924	 3.18
925	 2.11
926	 2.11
927	 2.13
928	 2.10
929	 2.15
930	 2.09
931	 2.11
932	 4.08
933	 2.16
934	 2.11
935	 2.10
936	 2.14
937	 2.16
938	 2.15
939	 2.84
940	 2.12
941	 2.07
942	 3.20
943	 2.15
944	 2.16
945	 2.15
946	 2.68
947	 2.11
948	 2.16
949	 2.06
950	 2.16
951	 2.09
952	 2.10
953	 2.07
954	 2.15
955	 2.64
956	 2.15
957	 1.84
958	 2.09
959	 3.18
960	 2.16
961	 2.15
962	 3.17
963	 2.11
964	 2.15
965	 2.16
966	 1.95
967	 2.17
968	 2.17
969	 2.16
970	 2.12
971	 2.95
972	 2.17
973	 1.84
974	 2.16
975	 2.17
976	 2.15
977	 2.15
978	 3.13
979	 2.15
980	 3.19
981	 2.11
982	 2.11
983	 2.17
984	 2.10
985	 2.11
986	 2.12
987	 2.15
988	 2.16
989	 2.15
990	 2.15
991	 2.10
992	 2.15
993	 2.15
994	 2.16
995	 3.26
996	 2.15
997	 2.00
998	 2.09
999	 2.09
1000	 2.09
1001	 2.11
1002	 2.32
1003	 2.60
1004	 3.02
1005	 2.16
1006	 2.11
1007	 2.15
1008	 2.16
1009	 2.16
1010	 2.11
1011	 2.15
1012	 2.07
1013	 2.07
1014	 1.82
1015	 3.29
1016	 2.16
1017	 2.15
1018	 3.19
1019	 2.16
1020	 2.15
1021	 2.11
1022	 2.17
1023	 2.15
1024	 2.15
1025	 2.09
1026	 2.16
1027	 2.16
1028	 3.13
1029	 2.12
1030	 4.31
1031	 2.16
1032	 4.67
1033	 2.15
1034	 2.11
1035	 2.58
1036	 2.16
1037	 3.16
1038	 2.17
1039	 2.10
1040	 2.16
1041	 2.09
1042	 2.11
1043	 2.11
1044	 2.14
1045	 2.10
1046	 2.08
1047	 2.15
1048	 2.11
1049	 2.15
1050	 2.16
1051	 2.27
1052	 2.16
1053	 2.12
1054	 2.15
1055	 2.11
1056	 2.16
1057	 3.25
1058	 2.16
1059	 2.15
1060	 2.15
1061	 2.15
1062	 2.16
1063	 2.15
1064	 2.16
1065	 2.12
1066	 2.10
1067	 2.16
1068	 2.16
1069	 2.12
1070	 2.15
1071	 2.15
1072	 2.11
1073	 2.14
1074	 2.16
1075	 3.19
1076	 2.15
1077	 2.16
1078	 2.10
1079	 2.10
1080	 2.15
1081	 2.10
1082	 2.16
1083	 2.14
1084	 2.14
1085	 2.15
1086	 2.16
1087	 3.20
1088	 2.15
1089	 2.15
1090	 2.10
1091	 2.19
1092	 2.11
1093	 2.10
1094	 3.37
1095	 3.56
1096	 2.15
1097	 2.10
1098	 2.17
1099	 2.14
1100	 2.16
1101	 2.03
1102	 2.16
1103	 2.10
1104	 2.07
1105	 2.10
1106	 2.16
1107	 2.15
1108	 2.10
1109	 2.15
1110	 2.15
1111	 2.11
1112	 3.79
1113	 3.21
1114	 2.16
1115	 2.11
1116	 2.80
1117	 2.15
1118	 2.15
1119	 2.10
1120	 2.15
1121	 2.11
1122	 2.15
1123	 5.44
1124	 2.10
1125	 2.13
1126	 1.88
1127	 2.15
1128	 2.10
1129	 2.16
1130	 2.13
1131	 2.15
1132	 3.25
1133	 2.17
1134	 2.10
1135	 2.15
1136	 2.15
1137	 2.16
1138	 2.10
1139	 2.15
1140	 2.59
1141	 2.15
1142	 3.12
1143	 2.11
1144	 2.11
1145	 2.08
1146	 2.11
1147	 2.17
1148	 2.15
1149	 1.95
1150	 2.15
1151	 2.10
1152	 3.22
1153	 2.10
1154	 2.15
1155	 2.10
1156	 2.10
1157	 2.07
1158	 2.16
1159	 2.07
1160	 2.15
1161	 2.11
1162	 2.12
1163	 2.13
1164	 2.16
1165	 2.14
1166	 2.16
1167	 2.01
1168	 2.14
1169	 2.16
1170	 2.11
1171	 3.18
1172	 2.13
1173	 2.15
1174	 2.15
1175	 2.10
1176	 2.13
1177	 3.43
1178	 2.15
1179	 2.11
1180	 2.09
1181	 2.13
1182	 2.15
1183	 2.16
1184	 2.15
1185	 2.15
1186	 1.57
1187	 2.16
1188	 2.16
1189	 1.73
1190	 2.11
1191	 3.38
1192	 2.16
1193	 2.14
1194	 2.11
1195	 6.56
1196	 1.93
1197	 2.15
1198	 2.15
1199	 2.15
1200	 2.15
1201	 2.16
1202	 2.17
1203	 2.10
1204	 2.15
1205	 2.17
1206	 2.14
1207	 2.15
1208	 2.16
1209	 2.62
1210	 3.19
1211	 2.16
1212	 2.14
1213	 2.09
1214	 2.15
1215	 3.27
1216	 2.15
1217	 2.12
1218	 2.13
1219	 2.15
1220	 2.16
1221	 2.16
1222	 2.10
1223	 2.15
1224	 3.41
1225	 2.10
1226	 2.13
1227	 2.15
1228	 2.14
1229	 2.10
1230	 2.15
1231	 2.76
1232	 4.19
1233	 2.12
1234	 2.04
1235	 4.16
1236	 2.36
1237	 2.51
1238	 2.10
1239	 2.11
1240	 3.46
1241	 1.90
1242	 4.62
1243	 2.15
1244	 2.16
1245	 2.15
1246	 2.15
1247	 2.10
1248	 3.24
1249	 2.14
1250	 2.15
1251	 3.39
1252	 2.15
1253	 2.14
1254	 2.10
1255	 2.05
1256	 2.15
1257	 2.17
1258	 2.15
1259	 2.11
1260	 2.33
1261	 2.80
1262	 2.15
1263	 2.77
1264	 2.15
1265	 2.15
1266	 2.10
1267	 3.29
1268	 3.21
1269	 2.17
1270	 2.09
1271	 2.52
1272	 2.14
1273	 2.10
1274	 2.11
1275	 2.16
1276	 2.10
1277	 2.10
1278	 2.14
1279	 2.11
1280	 2.10
1281	 2.15
1282	 2.16
1283	 2.15
1284	 2.16
1285	 2.15
1286	 2.08
1287	 4.31
1288	 2.15
1289	 2.15
1290	 2.10
1291	 2.10
1292	 2.07
1293	 2.15
1294	 2.14
1295	 2.11
1296	 2.15
1297	 2.15
1298	 2.11
1299	 4.03
1300	 2.15
1301	 2.12
1302	 2.11
1303	 2.11
1304	 3.26
1305	 3.24
1306	 2.16
1307	 2.10
1308	 2.15
1309	 2.09
1310	 1.65
1311	 2.15
1312	 2.08
1313	 2.15
1314	 2.17
1315	 2.08
1316	 2.15
1317	 2.15
1318	 2.16
1319	 2.08
1320	 2.16
1321	 2.15
1322	 2.15
1323	 3.24
1324	 2.15
1325	 2.15
1326	 2.15
1327	 2.08
1328	 3.92
1329	 2.15
1330	 2.09
1331	 2.15
1332	 2.10
1333	 2.09
1334	 2.15
1335	 2.11
1336	 2.16
1337	 2.15
1338	 2.15
1339	 2.10
1340	 2.15
1341	 2.15
1342	 3.28
1343	 2.15
1344	 2.16
1345	 2.09
1346	 2.15
1347	 2.15
1348	 2.11
1349	 2.15
1350	 2.15
1351	 2.11
1352	 2.15
1353	 2.08
1354	 2.14
1355	 2.17
1356	 2.15
1357	 2.05
1358	 3.17
1359	 2.16
1360	 2.09
1361	 3.13
1362	 2.10
1363	 2.17
1364	 2.11
1365	 2.15
1366	 2.14
1367	 2.15
1368	 2.09
1369	 2.15
1370	 2.09
1371	 2.16
1372	 2.16
1373	 2.16
1374	 2.11
1375	 3.11
1376	 2.17
1377	 2.16
1378	 2.64
1379	 2.11
1380	 2.34
1381	 4.10
1382	 2.05
1383	 2.10
1384	 4.11
1385	 2.10
1386	 2.11
1387	 2.05
1388	 2.63
1389	 4.42
1390	 2.10
1391	 2.16
1392	 2.17
1393	 2.15
1394	 2.11
1395	 3.21
1396	 2.15
1397	 2.16
1398	 2.16
1399	 3.25
1400	 3.97
1401	 2.19
1402	 2.06
1403	 2.05
1404	 2.14
1405	 2.15
1406	 2.11
1407	 2.16
1408	 2.11
1409	 1.63
1410	 2.16
1411	 2.16
1412	 3.20
1413	 2.11
1414	 2.15
1415	 2.16
1416	 2.15
1417	 2.09
1418	 3.23
1419	 2.13
1420	 2.10
1421	 2.16
1422	 2.15
1423	 1.92
1424	 2.10
1425	 2.11
1426	 2.15
1427	 2.11
1428	 2.16
1429	 2.15
1430	 2.11
1431	 2.14
1432	 3.18
1433	 2.16
1434	 2.15
1435	 2.16
1436	 2.16
1437	 2.11
1438	 2.05
1439	 2.11
1440	 2.06
1441	 2.05
1442	 2.05
1443	 2.24
1444	 2.10
1445	 3.46
1446	 3.02
1447	 3.45
1448	 2.16
1449	 3.28
1450	 2.15
1451	 2.11
1452	 2.15
1453	 2.09
1454	 2.16
1455	 2.11
1456	 3.13
1457	 2.16
1458	 2.16
1459	 2.06
1460	 2.11
1461	 2.13
1462	 2.15
1463	 2.15
1464	 2.11
1465	 2.16
1466	 2.55
1467	 2.16
1468	 2.10
1469	 2.16
1470	 2.16
1471	 2.15
1472	 2.15
1473	 2.16
1474	 3.12
1475	 3.28
1476	 2.15
1477	 2.11
1478	 2.16
1479	 2.16
1480	 2.11
1481	 2.16
1482	 2.15
1483	 2.10
1484	 2.15
1485	 4.60
1486	 2.11
1487	 2.15
1488	 2.11
1489	 2.11
1490	 2.11
1491	 2.08
1492	 2.15
1493	 2.15
1494	 2.11
1495	 3.25
1496	 2.11
1497	 2.16
1498	 2.15
1499	 2.17
1500	 2.11
1501	 2.15
1502	 2.09
1503	 2.16
1504	 3.28
1505	 2.16
1506	 2.10
1507	 2.11
1508	 2.16
1509	 2.16
1510	 2.12
1511	 2.03
1512	 2.16
1513	 2.16
1514	 3.29
1515	 2.16
1516	 2.15
1517	 2.16
1518	 2.10
1519	 2.07
1520	 2.15
1521	 2.10
1522	 2.04
1523	 2.06
1524	 2.47
1525	 2.09
1526	 2.10
1527	 2.10
1528	 2.47
1529	 2.11
1530	 2.11
1531	 2.10
1532	 2.11
1533	 2.10
1534	 3.26
1535	 3.10
1536	 2.11
1537	 2.49
1538	 2.10
1539	 2.10
1540	 3.04
1541	 2.05
1542	 2.44
1543	 2.10
1544	 2.16
1545	 2.16
1546	 2.15
1547	 1.80
1548	 2.78
1549	 2.15
1550	 2.11
1551	 2.14
1552	 2.16
1553	 3.15
1554	 2.15
1555	 2.10
1556	 2.13
1557	 3.19
1558	 2.48
1559	 2.16
1560	 2.11
1561	 2.16
1562	 2.30
1563	 3.40
1564	 2.11
1565	 2.15
1566	 2.15
1567	 2.15
1568	 2.16
1569	 2.17
1570	 2.10
1571	 2.16
1572	 2.78
1573	 3.22
1574	 2.11
1575	 2.12
1576	 2.35
1577	 2.16
1578	 2.16
1579	 2.16
1580	 2.11
1581	 2.16
1582	 2.15
1583	 3.78
1584	 2.17
1585	 2.16
1586	 2.15
1587	 1.94
1588	 2.15
1589	 2.10
1590	 2.16
1591	 2.12
1592	 3.24
1593	 3.24
1594	 2.11
1595	 2.15
1596	 2.15
1597	 2.15
1598	 2.18
1599	 2.11
1600	 2.14
1601	 2.11
1602	 2.16
1603	 2.16
1604	 2.16
1605	 2.15
1606	 2.10
1607	 2.15
1608	 2.15
1609	 2.11
1610	 2.79
1611	 4.24
1612	 2.15
1613	 2.16
1614	 2.11
1615	 3.47
1616	 2.16
1617	 2.12
1618	 2.15
1619	 2.16
1620	 2.16
1621	 2.15
1622	 2.16
1623	 2.04
1624	 2.11
1625	 2.16
1626	 2.16
1627	 2.16
1628	 2.11
1629	 3.23
1630	 3.18
1631	 2.16
1632	 2.16
1633	 2.15
1634	 2.16
1635	 2.16
1636	 2.15
1637	 2.16
1638	 2.16
1639	 2.11
1640	 2.08
1641	 2.14
1642	 2.10
1643	 2.16
1644	 2.16
1645	 3.75
1646	 2.16
1647	 3.08
1648	 2.21
1649	 2.06
1650	 2.16
1651	 2.15
1652	 1.64
1653	 2.11
1654	 2.14
1655	 2.16
1656	 2.15
1657	 2.15
1658	 1.92
1659	 2.10
1660	 2.51
1661	 2.11
1662	 2.11
1663	 2.42
1664	 3.36
1665	 2.98
1666	 2.00
1667	 3.22
1668	 2.16
1669	 2.11
1670	 2.16
1671	 2.15
1672	 2.11
1673	 2.98
1674	 2.11
1675	 2.11
1676	 2.13
1677	 2.16
1678	 2.10
1679	 2.08
1680	 2.16
1681	 2.16
1682	 2.15
1683	 2.09
1684	 3.21
1685	 2.11
1686	 3.18
1687	 2.11
1688	 2.08
1689	 2.16
1690	 2.12
1691	 2.16
1692	 2.17
1693	 2.10
1694	 2.11
1695	 2.16
1696	 2.16
1697	 2.16
1698	 2.16
1699	 2.10
1700	 2.17
1701	 2.07
1702	 3.17
1703	 2.15
1704	 2.15
1705	 2.15
1706	 2.10
1707	 2.16
1708	 2.16
1709	 2.16
1710	 2.09
1711	 2.15
1712	 2.11
1713	 2.16
1714	 2.10
1715	 2.16
1716	 2.16
1717	 2.10
1718	 2.16
1719	 2.09
1720	 2.16
1721	 3.18
1722	 3.91
1723	 2.15
1724	 3.28
1725	 2.14
1726	 3.01
1727	 2.16
1728	 2.16
1729	 2.16
1730	 2.16
1731	 2.16
1732	 2.16
1733	 3.61
1734	 2.16
1735	 2.16
1736	 2.16
1737	 2.11
1738	 1.76
1739	 3.25
1740	 2.06
1741	 2.15
1742	 2.16
1743	 3.20
1744	 2.68
1745	 2.15
1746	 2.11
1747	 2.15
1748	 2.16
1749	 2.16
1750	 2.15
1751	 2.16
1752	 2.16
1753	 2.16
1754	 2.16
1755	 2.40
1756	 2.10
1757	 2.11
1758	 3.18
1759	 2.16
1760	 1.94
1761	 2.11
1762	 3.44
1763	 2.16
1764	 2.16
1765	 2.16
1766	 2.16
1767	 2.11
1768	 2.13
1769	 1.87
1770	 2.11
1771	 2.16
1772	 2.15
1773	 2.11
1774	 2.68
1775	 2.34
1776	 2.11
1777	 2.08
1778	 2.15
1779	 2.16
1780	 2.15
1781	 3.24
1782	 2.17
1783	 2.11
1784	 2.15
1785	 2.16
1786	 2.15
1787	 2.16
1788	 2.17
1789	 2.12
1790	 2.16
1791	 2.16
1792	 4.40
1793	 2.16
1794	 4.73
1795	 2.11
1796	 2.13
1797	 2.16
1798	 2.10
1799	 2.15
1800	 3.26
1801	 2.10
1802	 2.16
1803	 3.35
1804	 2.11
1805	 2.16
1806	 2.15
1807	 2.16
1808	 2.16
1809	 2.09
1810	 2.15
1811	 3.21
1812	 2.09
1813	 2.12
1814	 2.14
1815	 2.15
1816	 2.16
1817	 2.16
1818	 2.16
1819	 2.10
1820	 3.18
1821	 2.16
1822	 2.16
1823	 2.15
1824	 2.16
1825	 2.09
1826	 2.15
1827	 2.15
1828	 2.11
1829	 2.12
1830	 2.11
1831	 2.17
1832	 2.16
1833	 2.15
1834	 1.84
1835	 2.08
1836	 2.16
1837	 2.12
1838	 2.11
1839	 3.16
1840	 2.11
1841	 2.14
1842	 2.17
1843	 2.16
1844	 2.16
1845	 2.16
1846	 2.16
1847	 5.32
1848	 2.15
1849	 2.16
1850	 2.16
1851	 2.16
1852	 2.13
1853	 2.16
1854	 2.13
1855	 2.10
1856	 2.11
1857	 2.08
1858	 2.10
1859	 2.16
1860	 2.16
1861	 2.12
1862	 2.07
1863	 2.36
1864	 2.15
1865	 3.17
1866	 2.16
1867	 2.08
1868	 2.09
1869	 2.16
1870	 2.11
1871	 2.16
1872	 2.11
1873	 2.16
1874	 2.11
1875	 2.14
1876	 3.13
1877	 2.16
1878	 2.15
1879	 2.18
1880	 2.06
1881	 2.12
1882	 2.15
1883	 2.11
1884	 2.16
1885	 2.08
1886	 2.07
1887	 2.13
1888	 2.10
1889	 2.07
1890	 2.15
1891	 2.11
1892	 2.10
1893	 2.13
1894	 2.15
1895	 3.12
1896	 2.14
1897	 2.08
1898	 2.15
1899	 2.14
1900	 2.15
1901	 5.06
1902	 2.14
1903	 2.15
1904	 4.70
1905	 2.14
1906	 2.16
1907	 2.15
1908	 2.16
1909	 2.15
1910	 2.16
1911	 2.15
1912	 2.14
1913	 2.10
1914	 2.10
1915	 2.10
1916	 2.15
1917	 2.10
1918	 3.30
1919	 2.11
1920	 2.15
1921	 2.09
1922	 2.15
1923	 2.11
1924	 2.15
1925	 2.10
1926	 2.15
1927	 1.63
1928	 2.15
1929	 2.16
1930	 2.10
1931	 2.14
1932	 2.15
1933	 3.60
1934	 2.15
1935	 3.90
1936	 2.16
1937	 2.15
1938	 3.29
1939	 2.10
1940	 2.07
1941	 2.15
1942	 2.08
1943	 1.79
1944	 2.14
1945	 2.16
1946	 2.16
1947	 2.11
1948	 2.10
1949	 2.11
1950	 4.31
1951	 3.10
1952	 2.13
1953	 2.10
1954	 3.27
1955	 2.16
1956	 2.15
1957	 2.15
1958	 2.10
1959	 2.15
1960	 2.11
1961	 2.10
1962	 2.16
1963	 2.15
1964	 2.15
1965	 2.15
1966	 1.58
1967	 2.13
1968	 2.16
1969	 2.10
1970	 2.29
1971	 2.11
1972	 2.16
1973	 2.14
1974	 3.26
1975	 2.11
1976	 2.11
1977	 2.14
1978	 2.10
1979	 2.15
1980	 2.14
1981	 2.14
1982	 2.10
1983	 2.15
1984	 2.08
1985	 2.16
1986	 2.15
1987	 2.10
1988	 2.16
1989	 3.23
1990	 2.10
1991	 3.16
1992	 2.15
1993	 2.10
1994	 2.15
1995	 2.11
1996	 2.11
1997	 2.15
1998	 2.16
1999	 2.16
2000	 2.10
2001	 2.15
2002	 1.77
2003	 2.10
2004	 2.14
2005	 2.14
2006	 3.37
2007	 2.15
2008	 3.18
2009	 2.15
2010	 2.11
2011	 3.15
2012	 2.10
2013	 2.15
2014	 2.09
2015	 2.15
2016	 2.15
2017	 2.10
2018	 2.15
2019	 2.10
2020	 2.15
2021	 2.15
2022	 2.10
2023	 2.14
2024	 2.15
2025	 2.14
2026	 2.16
2027	 2.16
2028	 4.38
2029	 2.15
2030	 2.18
2031	 2.16
2032	 2.09
2033	 2.13
2034	 2.16
2035	 2.12
2036	 2.04
2037	 2.16
2038	 1.73
2039	 2.15
2040	 2.10
2041	 2.09
2042	 2.15
2043	 2.14
2044	 2.10
2045	 2.10
2046	 2.62
2047	 3.17
2048	 2.83
2049	 2.16
2050	 2.17
2051	 2.10
2052	 2.13
2053	 2.11
2054	 2.15
2055	 2.14
2056	 3.12
2057	 2.16
2058	 2.34
2059	 2.10
2060	 2.15
2061	 2.11
2062	 2.15
2063	 2.15
2064	 2.15
2065	 2.15
2066	 2.16
2067	 4.36
2068	 2.09
2069	 2.12
2070	 2.14
2071	 2.10
2072	 2.15
2073	 2.14
2074	 1.74
2075	 2.10
2076	 2.07
2077	 2.10
2078	 1.96
2079	 2.11
2080	 2.15
2081	 2.16
2082	 2.06
2083	 2.16
2084	 2.16
2085	 3.24
2086	 3.11
2087	 2.13
2088	 2.10
2089	 2.09
2090	 3.96
2091	 2.12
2092	 2.11
2093	 2.14
2094	 2.15
2095	 2.11
2096	 2.07
2097	 2.13
2098	 2.13
2099	 2.11
2100	 2.16
2101	 2.11
2102	 3.20
2103	 5.44
2104	 2.36
2105	 2.10
2106	 2.94
2107	 2.03
2108	 2.50
2109	 4.52
2110	 2.11
2111	 2.08
2112	 2.16
2113	 2.11
2114	 2.14
2115	 2.04
2116	 2.16
2117	 2.15
2118	 2.15
2119	 2.11
2120	 2.16
2121	 2.11
2122	 3.25
2123	 2.16
2124	 2.15
2125	 3.12
2126	 2.16
2127	 2.16
2128	 2.10
2129	 2.11
2130	 2.16
2131	 2.16
2132	 2.80
2133	 2.16
2134	 2.15
2135	 2.14
2136	 2.15
2137	 2.15
2138	 2.15
2139	 2.16
2140	 3.19
2141	 2.10
2142	 2.16
2143	 3.31
2144	 2.15
2145	 2.15
2146	 2.10
2147	 2.15
2148	 2.30
2149	 2.15
2150	 2.16
2151	 2.15
2152	 2.09
2153	 2.11
2154	 2.16
2155	 2.16
2156	 2.15
2157	 4.98
2158	 2.08
2159	 2.16
2160	 2.11
2161	 2.09
2162	 2.81
2163	 2.15
2164	 2.15
2165	 4.70
2166	 2.10
2167	 2.42
2168	 2.10
2169	 1.65
2170	 2.09
2171	 2.08
2172	 2.12
2173	 2.15
2174	 2.15
2175	 2.15
2176	 3.22
2177	 2.11
2178	 2.16
2179	 2.10
2180	 2.16
2181	 3.12
2182	 2.14
2183	 2.16
2184	 2.14
2185	 2.11
2186	 2.15
2187	 2.10
2188	 2.16
2189	 2.10
2190	 2.15
2191	 2.09
2192	 2.16
2193	 3.28
2194	 2.15
2195	 2.16
2196	 2.11
2197	 2.17
2198	 2.10
2199	 2.16
2200	 3.39
2201	 2.15
2202	 2.17
2203	 2.15
2204	 2.17
2205	 1.94
2206	 2.15
2207	 2.11
2208	 2.15
2209	 2.60
2210	 2.10
2211	 1.77
2212	 2.10
2213	 2.12
2214	 2.16
2215	 2.15
2216	 2.10
2217	 2.13
2218	 2.14
2219	 3.11
2220	 2.60
2221	 2.16
2222	 2.11
2223	 2.17
2224	 2.15
2225	 2.15
2226	 2.15
2227	 2.15
2228	 2.15
2229	 3.29
2230	 2.16
2231	 3.81
2232	 2.17
2233	 2.13
2234	 2.15
2235	 1.83
2236	 2.15
2237	 2.15
2238	 3.18
2239	 3.49
2240	 2.16
2241	 2.16
2242	 2.15
2243	 2.16
2244	 2.10
2245	 2.11
2246	 2.12
2247	 2.12
2248	 5.06
2249	 2.10
2250	 2.15
2251	 2.45
2252	 2.11
2253	 3.37
2254	 2.15
2255	 2.17
2256	 2.12
2257	 3.34
2258	 2.54
2259	 2.16
2260	 2.07
2261	 2.16
2262	 2.51
2263	 2.15
2264	 2.11
2265	 2.35
2266	 2.76
2267	 2.10
2268	 2.15
2269	 2.11
2270	 2.84
2271	 2.15
2272	 2.50
2273	 2.15
2274	 2.11
2275	 3.22
2276	 2.11
2277	 2.14
2278	 2.16
2279	 2.16
2280	 2.15
2281	 2.12
2282	 2.15
2283	 3.13
2284	 2.16
2285	 2.16
2286	 2.74
2287	 2.16
2288	 2.16
2289	 2.16
2290	 2.15
2291	 2.10
2292	 2.16
2293	 2.10
2294	 3.21
2295	 2.31
2296	 2.15
2297	 2.11
2298	 2.16
2299	 1.93
2300	 3.17
2301	 2.16
2302	 2.10
2303	 2.15
2304	 2.16
2305	 2.10
2306	 2.13
2307	 2.14
2308	 2.16
2309	 2.15
2310	 2.15
2311	 2.15
2312	 2.16
2313	 2.16
2314	 2.10
2315	 2.16
2316	 2.15
2317	 2.03
2318	 2.16
2319	 2.11
2320	 2.15
2321	 2.11
2322	 2.15
2323	 2.10
2324	 2.15
2325	 2.16
2326	 3.96
2327	 2.16
2328	 2.11
2329	 2.10
2330	 2.15
2331	 2.15
2332	 3.21
2333	 2.15
2334	 2.08
2335	 2.15
2336	 3.28
2337	 2.09
2338	 2.15
2339	 2.42
2340	 2.15
2341	 2.08
2342	 2.15
2343	 2.14
2344	 2.09
2345	 2.16
2346	 2.16
2347	 2.13
2348	 2.15
2349	 2.13
2350	 1.74
2351	 3.22
2352	 2.15
2353	 5.22
2354	 2.16
2355	 2.15
2356	 2.10
2357	 2.16
2358	 2.15
2359	 2.15
2360	 2.15
2361	 2.16
2362	 2.15
2363	 2.15
2364	 2.15
2365	 2.15
2366	 2.15
2367	 2.15
2368	 2.15
2369	 2.10
2370	 2.32
2371	 2.10
2372	 2.05
2373	 2.13
2374	 2.10
2375	 2.15
2376	 2.10
2377	 2.16
2378	 2.06
2379	 2.18
2380	 2.10
2381	 2.07
2382	 4.05
2383	 2.14
2384	 2.16
2385	 2.92
2386	 1.68
2387	 2.13
2388	 2.15
2389	 2.45
2390	 2.07
2391	 2.16
2392	 1.83
2393	 2.15
2394	 2.14
2395	 2.09
2396	 2.16
2397	 2.15
2398	 3.11
2399	 2.16
2400	 2.11
2401	 2.10
2402	 2.15
2403	 2.11
2404	 2.15
2405	 2.16
2406	 2.15
2407	 4.24
2408	 2.15
2409	 2.16
2410	 2.16
2411	 2.16
2412	 2.11
2413	 2.16
2414	 1.83
2415	 2.11
2416	 2.16
2417	 2.16
2418	 2.11
2419	 1.99
2420	 2.16
2421	 2.16
2422	 2.10
2423	 2.15
2424	 2.29
2425	 2.10
2426	 2.16
2427	 3.25
2428	 2.13
2429	 2.15
2430	 1.66
2431	 2.11
2432	 2.11
2433	 2.14
2434	 2.11
2435	 2.07
2436	 2.16
2437	 2.16
2438	 2.15
2439	 2.03
2440	 2.10
2441	 2.13
2442	 2.16
2443	 3.14
2444	 2.15
2445	 2.16
2446	 3.21
2447	 2.13
2448	 2.16
2449	 2.11
2450	 2.16
2451	 2.15
2452	 3.43
2453	 2.15
2454	 2.11
2455	 2.16
2456	 4.42
2457	 2.15
2458	 2.10
2459	 2.15
2460	 2.11
2461	 2.16
2462	 3.23
2463	 2.10
2464	 2.10
2465	 1.62
2466	 3.35
2467	 2.10
2468	 2.15
2469	 2.16
2470	 2.10
2471	 2.15
2472	 2.15
2473	 2.15
2474	 2.11
2475	 2.16
2476	 3.83
2477	 2.16
2478	 2.16
2479	 3.35
2480	 2.16
2481	 2.16
2482	 2.10
2483	 2.15
2484	 2.11
2485	 3.24
2486	 2.11
2487	 2.16
2488	 2.15
2489	 2.16
2490	 2.15
2491	 2.15
2492	 2.16
2493	 2.16
2494	 4.30
2495	 2.08
2496	 2.11
2497	 2.15
2498	 3.27
2499	 2.15
2500	 2.15
2501	 2.15
2502	 2.11
2503	 2.15
2504	 2.15
2505	 3.21
2506	 1.71
2507	 2.10
2508	 2.13
2509	 2.10
2510	 2.14
2511	 2.15
2512	 2.10
2513	 2.16
2514	 2.10
2515	 2.15
2516	 2.15
2517	 3.18
2518	 2.14
2519	 2.04
2520	 2.13
2521	 2.09
2522	 2.13
2523	 2.15
2524	 3.21
2525	 2.11
2526	 2.15
2527	 2.15
2528	 2.15
2529	 2.10
2530	 2.14
2531	 2.12
2532	 2.13
2533	 2.15
2534	 2.15
2535	 3.26
2536	 2.15
2537	 2.10
2538	 2.15
2539	 2.09
2540	 2.10
2541	 3.01
2542	 2.61
2543	 2.16
2544	 3.10
2545	 2.07
2546	 2.10
2547	 2.13
2548	 2.15
2549	 2.15
2550	 2.12
2551	 2.10
2552	 2.07
2553	 4.12
2554	 3.10
2555	 1.92
2556	 4.27
2557	 2.10
2558	 2.10
2559	 2.16
2560	 2.15
2561	 2.15
2562	 2.17
2563	 3.17
2564	 2.50
2565	 2.17
2566	 2.16
2567	 2.16
2568	 2.16
2569	 2.09
2570	 2.16
2571	 2.11
2572	 3.22
2573	 2.11
2574	 4.37
2575	 2.10
2576	 2.15
2577	 2.11
2578	 2.16
2579	 2.16
2580	 2.11
2581	 2.06
2582	 2.16
2583	 3.25
2584	 2.12
2585	 2.15
2586	 2.15
2587	 2.11
2588	 2.11
2589	 2.16
2590	 2.15
2591	 3.18
2592	 1.68
2593	 2.10
2594	 2.15
2595	 2.15
2596	 2.10
2597	 2.16
2598	 2.15
2599	 2.10
2600	 2.15
2601	 3.03
2602	 2.05
2603	 2.06
2604	 2.15
2605	 1.62
2606	 2.11
2607	 2.63
2608	 3.23
2609	 2.07
2610	 2.15
2611	 2.10
2612	 2.07
2613	 2.15
2614	 2.15
2615	 2.16
2616	 2.15
2617	 2.14
2618	 2.15
2619	 2.15
2620	 2.10
2621	 2.16
2622	 4.35
2623	 2.16
2624	 2.14
2625	 2.15
2626	 2.12
2627	 3.28
2628	 2.16
2629	 2.15
2630	 2.16
2631	 2.15
2632	 2.09
2633	 2.15
2634	 2.15
2635	 2.15
2636	 2.10
2637	 2.15
2638	 2.15
2639	 3.18
2640	 2.15
2641	 2.08
2642	 2.48
2643	 2.15
2644	 2.15
2645	 3.18
2646	 2.10
2647	 2.11
2648	 2.16
2649	 1.84
2650	 2.15
2651	 2.10
2652	 2.15
2653	 2.15
2654	 2.15
2655	 2.10
2656	 2.15
2657	 4.38
2658	 3.21
2659	 2.09
2660	 2.15
2661	 2.15
2662	 2.17
2663	 2.15
2664	 3.24
2665	 2.06
2666	 2.15
2667	 2.05
2668	 2.10
2669	 2.15
2670	 2.15
2671	 2.13
2672	 2.07
2673	 2.15
2674	 2.08
2675	 2.15
2676	 2.14
2677	 2.14
2678	 2.16
2679	 2.15
2680	 2.14
2681	 2.16
2682	 2.15
2683	 2.13
2684	 2.15
2685	 2.14
2686	 2.16
2687	 2.15
2688	 2.16
2689	 2.10
2690	 2.15
2691	 2.16
2692	 2.14
2693	 2.09
2694	 2.15
2695	 2.15
2696	 3.25
2697	 2.08
2698	 2.14
2699	 3.12
2700	 2.14
2701	 1.76
2702	 2.10
2703	 2.16
2704	 2.15
2705	 2.15
2706	 2.11
2707	 2.10
2708	 2.13
2709	 2.10
2710	 2.11
2711	 2.14
2712	 2.11
2713	 2.15
2714	 2.15
2715	 2.09
2716	 4.23
2717	 2.16
2718	 2.09
2719	 2.09
2720	 2.16
2721	 2.16
2722	 2.10
2723	 2.17
2724	 2.15
2725	 2.15
2726	 2.11
2727	 2.15
2728	 1.92
2729	 2.16
2730	 2.11
2731	 2.14
2732	 2.10
2733	 2.15
2734	 4.45
2735	 3.10
2736	 3.11
2737	 2.12
2738	 2.10
2739	 2.15
2740	 2.08
2741	 2.10
2742	 2.15
2743	 2.16
2744	 2.15
2745	 2.15
2746	 2.15
2747	 2.09
2748	 2.14
2749	 2.16
2750	 2.10
2751	 2.15
2752	 2.09
2753	 3.25
2754	 2.31
2755	 2.15
2756	 2.16
2757	 2.14
2758	 2.09
2759	 2.15
2760	 2.08
2761	 2.15
2762	 1.88
2763	 2.14
2764	 2.10
2765	 2.15
2766	 2.15
2767	 2.08
2768	 2.14
2769	 2.15
2770	 2.10
2771	 2.16
2772	 2.08
2773	 3.25
2774	 4.61
2775	 2.77
2776	 2.10
2777	 2.15
2778	 2.10
2779	 2.07
2780	 2.16
2781	 2.15
2782	 2.15
2783	 2.11
2784	 2.15
2785	 2.16
2786	 2.15
2787	 2.15
2788	 2.15
2789	 3.20
2790	 2.16
2791	 2.16
2792	 3.16
2793	 2.14
2794	 2.09
2795	 2.15
2796	 2.78
2797	 2.15
2798	 2.10
2799	 3.04
2800	 2.15
2801	 2.16
2802	 2.11
2803	 2.15
2804	 2.15
2805	 2.11
2806	 2.10
2807	 2.15
2808	 3.20
2809	 2.13
2810	 2.15
2811	 4.31
2812	 3.19
2813	 2.15
2814	 2.16
2815	 2.16
2816	 2.16
2817	 2.15
2818	 2.11
2819	 4.01
2820	 2.05
2821	 2.15
2822	 2.09
2823	 2.16
2824	 2.14
2825	 2.16
2826	 2.11
2827	 2.50
2828	 3.22
2829	 2.11
2830	 2.14
2831	 3.18
2832	 2.12
2833	 2.14
2834	 2.10
2835	 2.15
2836	 2.09
2837	 2.15
2838	 2.10
2839	 2.14
2840	 2.11
2841	 2.43
2842	 2.15
2843	 2.14
2844	 2.16
2845	 3.29
2846	 2.15
2847	 2.14
2848	 1.68
2849	 2.64
2850	 2.06
2851	 2.16
2852	 2.15
2853	 2.07
2854	 2.10
2855	 2.10
2856	 2.13
2857	 2.10
2858	 2.15
2859	 2.09
2860	 2.10
2861	 2.52
2862	 2.10
2863	 2.11
2864	 2.15
2865	 3.31
2866	 2.14
2867	 2.15
2868	 2.10
2869	 3.29
2870	 2.81
2871	 2.16
2872	 2.15
2873	 2.13
2874	 2.14
2875	 2.16
2876	 1.69
2877	 2.15
2878	 2.15
2879	 2.15
2880	 2.16
2881	 2.10
2882	 3.12
2883	 2.10
2884	 2.15
2885	 2.15
2886	 2.15
2887	 2.10
2888	 3.17
2889	 2.16
2890	 2.16
2891	 2.11
2892	 2.10
2893	 2.59
2894	 2.15
2895	 2.14
2896	 2.15
2897	 2.15
2898	 2.15
2899	 2.15
2900	 2.15
2901	 3.33
2902	 2.15
2903	 2.16
2904	 2.15
2905	 2.14
2906	 2.15
2907	 3.35
2908	 2.15
2909	 2.14
2910	 2.15
2911	 2.18
2912	 2.15
2913	 2.16
2914	 2.15
2915	 2.15
2916	 2.10
2917	 2.16
2918	 2.95
2919	 2.15
2920	 2.10
2921	 1.63
2922	 3.92
2923	 2.15
2924	 2.08
2925	 3.20
2926	 2.16
2927	 2.10
2928	 2.16
2929	 2.15
2930	 2.11
2931	 2.15
2932	 2.16
2933	 2.10
2934	 2.15
2935	 2.08
2936	 2.16
2937	 2.16
2938	 2.16
2939	 2.16
2940	 2.11
2941	 2.10
2942	 2.11
2943	 2.07
2944	 3.22
2945	 2.16
2946	 2.09
2947	 2.15
2948	 2.16
2949	 2.10
2950	 2.10
2951	 2.16
2952	 2.11
2953	 2.15
2954	 2.05
2955	 2.16
2956	 2.15
2957	 2.11
2958	 2.16
2959	 2.11
2960	 2.08
2961	 2.16
2962	 2.10
2963	 2.16
2964	 2.16
2965	 2.07
2966	 2.15
2967	 2.11
2968	 2.16
2969	 2.11
2970	 3.19
2971	 2.16
2972	 2.15
2973	 2.11
2974	 2.15
2975	 2.16
2976	 2.16
2977	 2.16
2978	 2.15
2979	 2.09
2980	 2.10
2981	 3.18
2982	 2.06
2983	 2.11
2984	 2.11
2985	 2.14
2986	 2.10
2987	 1.77
2988	 2.16
2989	 2.10
2990	 2.16
2991	 2.11
2992	 2.16
2993	 3.91
2994	 2.15
2995	 2.11
2996	 2.10
2997	 2.16
2998	 2.16
2999	 2.15
3000	 3.22
3001	 2.16
3002	 2.11
3003	 2.14
3004	 2.11
3005	 2.16
3006	 2.16
3007	 2.29
3008	 2.11
3009	 2.08
3010	 2.10
3011	 2.16
3012	 2.16
3013	 2.15
3014	 2.07
3015	 2.12
3016	 2.16
3017	 2.15
3018	 2.09
3019	 2.16
3020	 3.33
3021	 2.16
3022	 2.11
3023	 2.15
3024	 4.25
3025	 2.10
3026	 2.15
3027	 2.16
3028	 2.16
3029	 2.12
3030	 2.15
3031	 2.15
3032	 2.11
3033	 2.16
3034	 2.10
3035	 2.15
3036	 2.16
3037	 2.15
3038	 2.16
3039	 3.24
3040	 2.09
3041	 2.16
3042	 2.15
3043	 3.23
3044	 2.13
3045	 2.16
3046	 2.09
3047	 2.15
3048	 2.17
3049	 2.13
3050	 2.11
3051	 2.16
3052	 2.15
3053	 2.15
3054	 2.11
3055	 2.08
3056	 2.15
3057	 2.15
3058	 3.32
3059	 2.14
3060	 2.16
3061	 2.15
3062	 2.11
3063	 2.14
3064	 2.17
3065	 2.09
3066	 2.16
3067	 2.16
3068	 2.11
3069	 1.91
3070	 2.16
3071	 2.11
3072	 2.16
3073	 2.11
3074	 2.10
3075	 2.16
3076	 2.10
3077	 3.20
3078	 2.16
3079	 2.15
3080	 2.16
3081	 3.16
3082	 2.12
3083	 2.16
3084	 2.72
3085	 2.16
3086	 2.16
3087	 2.16
3088	 2.10
3089	 2.16
3090	 2.16
3091	 1.84
3092	 2.07
3093	 2.74
3094	 2.15
3095	 2.15
3096	 3.20
3097	 2.10
3098	 2.16
3099	 2.16
3100	 2.11
3101	 2.16
3102	 2.15
3103	 2.12
3104	 2.10
3105	 2.16
3106	 2.15
3107	 2.11
3108	 2.16
3109	 2.09
3110	 2.15
3111	 2.16
3112	 2.16
3113	 2.15
3114	 1.72
3115	 1.93
3116	 3.30
3117	 3.25
3118	 2.10
3119	 2.11
3120	 2.15
3121	 2.16
3122	 2.59
3123	 2.16
3124	 2.77
3125	 2.16
3126	 2.02
3127	 2.15
3128	 2.16
3129	 2.15
3130	 2.16
3131	 2.10
3132	 2.16
3133	 2.09
3134	 2.17
3135	 3.24
3136	 3.16
3137	 2.15
3138	 2.09
3139	 2.15
3140	 2.11
3141	 2.16
3142	 2.15
3143	 2.11
3144	 2.16
3145	 2.16
3146	 2.16
3147	 2.16
3148	 2.15
3149	 2.06
3150	 2.16
3151	 2.11
3152	 2.16
3153	 2.16
3154	 4.50
3155	 2.16
3156	 2.15
3157	 2.10
3158	 2.16
3159	 2.16
3160	 2.15
3161	 2.11
3162	 2.16
3163	 2.12
3164	 2.11
3165	 2.16
3166	 2.16
3167	 2.11
3168	 2.16
3169	 2.16
3170	 1.63
3171	 2.16
3172	 2.11
3173	 4.32
3174	 4.40
3175	 2.10
3176	 2.16
3177	 2.16
3178	 2.09
3179	 2.16
3180	 2.09
3181	 2.15
3182	 2.15
3183	 2.16
3184	 2.17
3185	 2.15
3186	 2.16
3187	 2.10
3188	 2.16
3189	 2.16
3190	 2.16
3191	 4.74
3192	 3.20
3193	 2.05
3194	 2.05
3195	 2.12
3196	 2.10
3197	 2.03
3198	 2.12
3199	 2.10
3200	 2.13
3201	 2.15
3202	 2.15
3203	 2.16
3204	 2.16
3205	 4.57
3206	 2.16
3207	 2.09
3208	 2.16
3209	 2.15
3210	 3.21
3211	 2.35
3212	 2.15
3213	 2.10
3214	 2.16
3215	 2.16
3216	 2.15
3217	 2.91
3218	 2.11
3219	 2.16
3220	 2.11
3221	 2.11
3222	 2.14
3223	 2.10
3224	 2.16
3225	 2.09
3226	 2.15
3227	 3.15
3228	 2.16
3229	 3.09
3230	 2.08
3231	 2.07
3232	 2.60
3233	 2.16
3234	 2.11
3235	 2.16
3236	 2.11
3237	 2.15
3238	 2.10
3239	 2.16
3240	 2.16
3241	 2.16
3242	 2.16
3243	 2.16
3244	 2.15
3245	 2.11
3246	 3.16
3247	 2.11
3248	 3.06
3249	 2.16
3250	 2.16
3251	 2.68
3252	 2.16
3253	 2.16
3254	 2.16
3255	 2.58
3256	 2.10
3257	 4.35
3258	 2.11
3259	 2.11
3260	 2.15
3261	 2.15
3262	 2.29
3263	 2.08
3264	 2.16
3265	 2.16
3266	 2.11
3267	 3.19
3268	 2.16
3269	 2.15
3270	 1.81
3271	 1.83
3272	 2.15
3273	 2.16
3274	 2.15
3275	 2.16
3276	 2.11
3277	 2.11
3278	 2.16
3279	 2.16
3280	 2.15
3281	 3.20
3282	 2.15
3283	 2.15
3284	 2.11
3285	 2.16
3286	 3.22
3287	 2.11
3288	 2.14
3289	 2.16
3290	 2.16
3291	 2.16
3292	 2.11
3293	 2.14
3294	 2.16
3295	 2.17
3296	 2.16
3297	 2.15
3298	 3.14
3299	 2.16
3300	 2.09
3301	 2.15
3302	 2.11
3303	 2.14
3304	 2.17
3305	 2.11
3306	 3.30
3307	 2.10
3308	 2.15
3309	 2.16
3310	 2.11
3311	 2.59
3312	 2.11
3313	 2.15
3314	 2.16
3315	 2.15
3316	 3.26
3317	 2.11
3318	 2.16
3319	 2.15
3320	 2.16
3321	 2.11
3322	 2.56
3323	 2.16
3324	 2.17
3325	 4.62
3326	 2.16
3327	 2.11
3328	 2.11
3329	 2.16
3330	 2.09
3331	 2.11
3332	 2.14
3333	 2.16
3334	 2.16
3335	 4.87
3336	 2.16
3337	 2.10
3338	 2.07
3339	 2.16
3340	 2.11
3341	 2.14
3342	 2.16
3343	 3.56
3344	 2.15
3345	 3.25
3346	 3.94
3347	 2.10
3348	 2.15
3349	 2.15
3350	 2.15
3351	 2.10
3352	 3.53
3353	 2.15
3354	 2.15
3355	 2.15
3356	 2.15
3357	 2.15
3358	 2.15
3359	 2.15
3360	 2.11
3361	 2.12
3362	 2.15
3363	 2.13
3364	 3.22
3365	 2.15
3366	 2.10
3367	 2.16
3368	 2.07
3369	 2.14
3370	 2.11
3371	 3.21
3372	 2.10
3373	 2.16
3374	 2.11
3375	 2.13
3376	 2.14
3377	 2.15
3378	 2.10
3379	 2.13
3380	 2.15
3381	 2.15
3382	 2.10
3383	 2.08
3384	 3.21
3385	 2.15
3386	 2.15
3387	 2.16
3388	 3.17
3389	 2.08
3390	 2.11
3391	 2.16
3392	 2.15
3393	 2.15
3394	 2.17
3395	 2.12
3396	 2.15
3397	 2.16
3398	 2.15
3399	 2.11
3400	 2.15
3401	 2.14
3402	 2.15
3403	 3.21
3404	 2.15
3405	 2.16
3406	 2.10
3407	 2.15
3408	 2.16
3409	 2.11
3410	 2.13
3411	 2.16
3412	 2.09
3413	 2.11
3414	 2.08
3415	 2.15
3416	 2.16
3417	 2.16
3418	 2.08
3419	 2.15
3420	 2.16
3421	 2.11
3422	 2.29
3423	 2.14
3424	 1.69
3425	 2.16
3426	 2.15
3427	 2.16
3428	 2.16
3429	 2.11
3430	 2.13
3431	 2.14
3432	 2.16
3433	 2.15
3434	 2.16
3435	 2.15
3436	 1.69
3437	 2.16
3438	 2.11
3439	 2.16
3440	 1.91
3441	 3.17
3442	 2.10
3443	 2.16
3444	 3.28
3445	 2.15
3446	 2.16
3447	 2.16
3448	 2.11
3449	 2.14
3450	 2.11
3451	 2.13
3452	 2.59
3453	 2.15
3454	 2.10
3455	 2.11
3456	 2.14
3457	 2.15
3458	 2.11
3459	 2.14
3460	 3.14
3461	 2.61
3462	 2.16
3463	 2.29
3464	 2.15
3465	 1.72
3466	 2.07
3467	 2.06
3468	 2.16
3469	 2.16
3470	 2.16
3471	 2.16
3472	 2.15
3473	 2.11
3474	 2.14
3475	 2.15
3476	 1.74
3477	 2.15
3478	 2.10
3479	 3.12
3480	 2.16
3481	 2.16
3482	 2.15
3483	 2.14
3484	 2.16
3485	 2.15
3486	 2.16
3487	 2.15
3488	 2.10
3489	 2.16
3490	 2.15
3491	 2.09
3492	 2.07
3493	 2.15
3494	 2.15
3495	 2.09
3496	 2.05
3497	 3.27
3498	 3.16
3499	 2.11
3500	 2.14
3501	 2.08
3502	 2.52
3503	 2.11
3504	 2.16
3505	 2.10
3506	 3.98
3507	 2.11
3508	 2.15
3509	 2.16
3510	 2.16
3511	 2.16
3512	 2.15
3513	 2.11
3514	 2.11
3515	 2.11
3516	 3.20
3517	 2.16
3518	 2.10
3519	 2.12
3520	 2.15
3521	 2.11
3522	 2.14
3523	 2.10
3524	 2.15
3525	 2.16
3526	 2.15
3527	 2.15
3528	 2.16
3529	 2.16
3530	 2.16
3531	 2.15
3532	 2.11
3533	 2.14
3534	 3.24
3535	 2.15
3536	 3.25
3537	 2.15
3538	 2.15
3539	 2.15
3540	 2.15
3541	 2.15
3542	 2.16
3543	 2.16
3544	 2.13
3545	 2.16
3546	 2.16
3547	 2.12
3548	 2.64
3549	 2.17
3550	 2.16
3551	 2.16
3552	 2.12
3553	 2.11
3554	 3.67
3555	 4.78
3556	 2.12
3557	 2.11
3558	 2.14
3559	 2.10
3560	 2.11
3561	 2.15
3562	 2.75
3563	 2.07
3564	 2.12
3565	 2.16
3566	 2.16
3567	 2.15
3568	 2.10
3569	 2.16
3570	 2.16
3571	 2.09
3572	 3.22
3573	 2.11
3574	 1.64
3575	 3.22
3576	 3.14
3577	 2.10
3578	 2.16
3579	 2.16
3580	 2.15
3581	 2.16
3582	 2.11
3583	 4.08
3584	 2.15
3585	 2.11
3586	 2.15
3587	 2.15
3588	 2.14
3589	 1.60
3590	 3.11
3591	 2.15
3592	 2.15
3593	 3.21
3594	 2.14
3595	 2.16
3596	 2.15
3597	 2.15
3598	 2.10
3599	 2.10
3600	 2.13
3601	 2.10
3602	 2.12
3603	 2.15
3604	 2.11
3605	 2.15
3606	 2.15
3607	 2.09
3608	 3.17
3609	 2.16
3610	 2.10
3611	 2.14
3612	 3.44
3613	 2.15
3614	 2.10
3615	 2.15
3616	 2.10
3617	 2.13
3618	 2.08
3619	 2.15
3620	 2.11
3621	 2.13
3622	 2.15
3623	 2.51
3624	 2.13
3625	 2.09
3626	 2.15
3627	 3.29
3628	 2.15
3629	 2.15
3630	 2.15
3631	 3.24
3632	 2.16
3633	 2.15
3634	 2.17
3635	 2.15
3636	 2.11
3637	 2.12
3638	 2.16
3639	 2.10
3640	 3.21
3641	 2.15
3642	 2.11
3643	 3.59
3644	 2.10
3645	 2.91
3646	 2.09
3647	 2.07
3648	 2.10
3649	 2.15
3650	 3.21
3651	 2.15
3652	 2.16
3653	 2.10
3654	 2.14
3655	 2.14
3656	 2.16
3657	 2.11
3658	 2.08
3659	 2.15
3660	 2.16
3661	 2.15
3662	 2.15
3663	 2.11
3664	 3.18
3665	 2.16
3666	 2.16
3667	 2.15
3668	 2.09
3669	 2.15
3670	 2.12
3671	 2.78
3672	 2.13
3673	 2.16
3674	 2.15
3675	 2.16
3676	 2.10
3677	 2.14
3678	 2.16
3679	 2.15
3680	 2.16
3681	 2.10
3682	 2.16
3683	 2.11
3684	 3.51
3685	 2.15
3686	 2.15
3687	 2.15
3688	 3.17
3689	 2.13
3690	 2.12
3691	 2.16
3692	 2.16
3693	 2.15
3694	 2.11
3695	 2.14
3696	 2.17
3697	 2.10
3698	 2.16
3699	 2.15
3700	 3.21
3701	 2.09
3702	 2.11
3703	 2.15
3704	 2.16
3705	 2.11
3706	 3.84
3707	 3.30
3708	 2.16
3709	 2.16
3710	 2.16
3711	 4.45
3712	 2.15
3713	 2.15
3714	 2.16
3715	 2.08
3716	 2.16
3717	 2.13
3718	 2.16
3719	 3.19
3720	 2.11
3721	 2.14
3722	 2.15
3723	 2.15
3724	 2.15
3725	 2.16
3726	 2.11
3727	 5.65
3728	 2.15
3729	 2.16
3730	 2.10
3731	 2.16
3732	 2.15
3733	 2.16
3734	 2.11
3735	 1.88
3736	 3.38
3737	 2.15
3738	 2.11
3739	 2.14
3740	 2.16
3741	 2.02
3742	 2.15
3743	 2.16
3744	 2.09
3745	 2.16
3746	 3.18
3747	 2.16
3748	 2.11
3749	 2.08
3750	 2.15
3751	 2.16
3752	 2.13
3753	 2.15
3754	 2.15
3755	 4.10
3756	 2.16
3757	 2.11
3758	 2.08
3759	 2.15
3760	 2.16
3761	 2.10
3762	 2.16
3763	 2.16
3764	 2.11
3765	 2.14
3766	 3.22
3767	 2.16
3768	 2.16
3769	 2.15
3770	 2.16
3771	 2.11
3772	 3.81
3773	 2.17
3774	 2.16
3775	 3.00
3776	 2.16
3777	 2.09
3778	 2.15
3779	 2.16
3780	 4.35
3781	 1.76
3782	 2.11
3783	 2.16
3784	 3.08
3785	 2.15
3786	 2.11
3787	 2.16
3788	 2.16
3789	 2.16
3790	 2.14
3791	 3.30
3792	 2.15
3793	 2.15
3794	 2.16
3795	 2.16
3796	 2.15
3797	 2.16
3798	 2.16
3799	 2.10
3800	 2.15
3801	 2.15
3802	 2.11
3803	 2.29
3804	 2.17
3805	 2.16
3806	 2.15
3807	 2.16
3808	 3.19
3809	 2.16
3810	 2.24
3811	 2.11
3812	 2.11
3813	 2.14
3814	 2.16
3815	 2.16
3816	 2.16
3817	 2.11
3818	 2.15
3819	 2.11
3820	 2.54
3821	 2.11
3822	 3.28
3823	 2.10
3824	 2.15
3825	 2.15
3826	 2.15
3827	 2.34
3828	 2.11
3829	 2.10
3830	 2.16
3831	 2.15
3832	 2.63
3833	 2.43
3834	 2.15
3835	 2.10
3836	 2.14
3837	 1.98
3838	 2.42
3839	 2.15
3840	 1.80
3841	 3.17
3842	 2.07
3843	 2.15
3844	 3.18
3845	 2.10
3846	 2.15
3847	 2.16
3848	 2.15
3849	 2.10
3850	 2.09
3851	 2.15
3852	 1.93
3853	 2.09
3854	 2.13
3855	 2.15
3856	 1.74
3857	 2.10
3858	 2.13
3859	 2.09
3860	 2.16
3861	 5.54
3862	 2.15
3863	 3.28
3864	 2.08
3865	 2.15
3866	 2.10
3867	 2.15
3868	 2.15
3869	 2.16
3870	 2.10
3871	 2.15
3872	 2.15
3873	 2.15
3874	 2.15
3875	 2.15
3876	 2.08
3877	 3.81
3878	 2.15
3879	 2.15
3880	 3.03
3881	 2.10
3882	 2.16
3883	 2.08
3884	 2.16
3885	 2.15
3886	 2.15
3887	 2.10
3888	 2.16
3889	 2.08
3890	 2.13
3891	 2.15
3892	 2.15
3893	 2.15
3894	 2.10
3895	 2.14
3896	 2.12
3897	 2.11
3898	 2.09
3899	 4.47
3900	 2.14
3901	 4.25
3902	 2.11
3903	 2.15
3904	 2.09
3905	 2.14
3906	 2.15
3907	 2.67
3908	 2.15
3909	 1.64
3910	 2.15
3911	 2.16
3912	 2.11
3913	 2.57
3914	 2.08
3915	 2.16
3916	 2.11
3917	 1.82
3918	 4.30
3919	 1.67
3920	 2.18
3921	 2.15
3922	 2.06
3923	 2.15
3924	 2.15
3925	 2.10
3926	 2.15
3927	 2.10
3928	 2.10
3929	 2.15
3930	 2.15
3931	 1.98
3932	 2.10
3933	 2.16
3934	 2.26
3935	 2.16
3936	 3.24
3937	 2.14
3938	 2.15
3939	 2.11
3940	 2.15
3941	 2.10
3942	 2.15
3943	 2.15
3944	 2.15
3945	 2.08
3946	 2.15
3947	 2.15
3948	 2.15
3949	 2.16
3950	 2.15
3951	 2.09
3952	 2.10
3953	 3.25
3954	 2.15
3955	 2.04
3956	 2.15
3957	 2.16
3958	 2.11
3959	 2.10
3960	 2.16
3961	 2.15
3962	 2.15
3963	 2.11
3964	 2.15
3965	 2.11
3966	 2.16
3967	 2.11
3968	 2.12
3969	 2.15
3970	 3.27
3971	 2.07
3972	 2.13
3973	 2.12
3974	 3.16
3975	 2.15
3976	 2.16
3977	 2.15
3978	 1.69
3979	 2.16
3980	 2.15
3981	 3.50
3982	 2.09
3983	 2.15
3984	 2.15
3985	 1.87
3986	 2.09
3987	 2.16
3988	 2.11
3989	 3.80
3990	 2.16
3991	 2.15
3992	 2.15
3993	 3.18
3994	 2.15
3995	 1.88
3996	 2.11
3997	 1.76
3998	 2.15
3999	 2.16
4000	 2.09
4001	 2.16
4002	 2.16
4003	 2.15
4004	 2.10
4005	 2.15
4006	 3.14
4007	 2.10
4008	 2.16
4009	 2.16
4010	 2.10
4011	 2.10
4012	 2.15
4013	 2.85
4014	 2.16
4015	 2.09
4016	 2.10
4017	 2.16
4018	 2.15
4019	 2.11
4020	 2.12
4021	 2.10
4022	 2.15
4023	 2.10
4024	 2.17
4025	 3.28
4026	 2.11
4027	 4.48
4028	 2.10
4029	 2.15
4030	 2.10
4031	 2.15
4032	 3.23
4033	 2.10
4034	 2.08
4035	 2.02
4036	 2.15
4037	 2.12
4038	 2.15
4039	 2.75
4040	 2.15
4041	 2.17
4042	 2.10
4043	 2.15
4044	 2.08
4045	 2.06
4046	 2.15
4047	 2.16
4048	 2.15
4049	 2.15
4050	 2.15
4051	 2.16
4052	 2.15
4053	 2.11
4054	 2.15
4055	 2.15
4056	 2.15
4057	 2.09
4058	 2.11
4059	 2.76
4060	 2.05
4061	 2.15
4062	 2.15
4063	 3.09
4064	 2.15
4065	 2.14
4066	 2.15
4067	 2.09
4068	 2.16
4069	 3.21
4070	 2.10
4071	 2.16
4072	 2.10
4073	 2.15
4074	 2.15
4075	 2.15
4076	 2.10
4077	 2.13
4078	 2.15
4079	 2.58
4080	 2.12
4081	 2.09
4082	 3.16
4083	 5.46
4084	 2.15
4085	 2.17
4086	 2.15
4087	 4.29
4088	 3.19
4089	 2.13
4090	 2.15
4091	 2.15
4092	 2.11
4093	 2.10
4094	 4.47
4095	 2.15
4096	 1.89
4097	 2.15
4098	 2.15
4099	 3.18
4100	 2.16
4101	 2.16
4102	 2.08
4103	 2.36
4104	 2.11
4105	 2.14
4106	 2.16
4107	 2.16
4108	 3.23
4109	 2.11
4110	 1.61
4111	 2.15
4112	 2.16
4113	 2.16
4114	 2.15
4115	 2.11
4116	 2.14
4117	 2.15
4118	 2.16
4119	 3.79
4120	 1.85
4121	 2.07
4122	 2.11
4123	 2.15
4124	 2.10
4125	 2.16
4126	 2.10
4127	 3.16
4128	 2.16
4129	 2.10
4130	 2.63
4131	 2.16
4132	 2.17
4133	 2.11
4134	 2.16
4135	 2.56
4136	 3.28
4137	 2.15
4138	 2.10
4139	 2.15
4140	 4.70
4141	 2.10
4142	 2.11
4143	 2.14
4144	 2.10
4145	 2.14
4146	 2.15
4147	 3.15
4148	 2.15
4149	 2.09
4150	 2.09
4151	 2.08
4152	 2.15
4153	 2.15
4154	 2.09
4155	 2.57
4156	 3.13
4157	 3.76
4158	 2.14
4159	 2.10
4160	 2.67
4161	 2.78
4162	 2.15
4163	 2.15
4164	 2.14
4165	 2.10
4166	 4.74
4167	 2.14
4168	 2.10
4169	 2.06
4170	 2.17
4171	 2.15
4172	 2.16
4173	 3.26
4174	 2.09
4175	 2.06
4176	 2.12
4177	 2.10
4178	 2.15
4179	 4.06
4180	 2.10
4181	 2.16
4182	 2.16
4183	 2.10
4184	 3.79
4185	 2.35
4186	 2.16
4187	 2.30
4188	 2.11
4189	 2.17
4190	 2.16
4191	 2.68
4192	 2.05
4193	 2.08
4194	 2.16
4195	 2.10
4196	 1.73
4197	 2.15
4198	 2.15
4199	 2.11
4200	 2.15
4201	 2.15
4202	 2.11
4203	 2.16
4204	 3.23
4205	 2.10
4206	 2.15
4207	 2.15
4208	 2.11
4209	 2.67
4210	 2.08
4211	 3.26
4212	 2.09
4213	 2.11
4214	 2.63
4215	 2.10
4216	 1.89
4217	 2.07
4218	 2.15
4219	 2.16
4220	 2.13
4221	 2.16
4222	 2.10
4223	 3.25
4224	 2.15
4225	 2.11
4226	 2.07
4227	 2.16
4228	 3.17
4229	 2.15
4230	 2.15
4231	 2.10
4232	 2.16
4233	 1.75
4234	 2.15
4235	 2.17
4236	 2.79
4237	 2.15
4238	 4.08
4239	 2.15
4240	 2.15
4241	 2.15
4242	 2.10
4243	 2.15
4244	 2.15
4245	 2.16
4246	 2.42
4247	 2.15
4248	 3.22
4249	 2.11
4250	 2.16
4251	 2.16
4252	 2.13
4253	 2.10
4254	 2.14
4255	 2.10
4256	 1.93
4257	 2.11
4258	 2.16
4259	 2.16
4260	 2.11
4261	 3.17
4262	 2.15
4263	 2.16
4264	 2.16
4265	 3.16
4266	 2.13
4267	 2.10
4268	 2.13
4269	 2.11
4270	 2.58
4271	 2.32
4272	 2.16
4273	 2.15
4274	 2.16
4275	 2.16
4276	 2.12
4277	 2.11
4278	 2.14
4279	 3.30
4280	 2.11
4281	 2.14
4282	 2.16
4283	 2.11
4284	 3.21
4285	 2.38
4286	 2.11
4287	 2.15
4288	 2.10
4289	 2.15
4290	 2.16
4291	 2.16
4292	 2.11
4293	 2.81
4294	 2.05
4295	 2.15
4296	 2.66
4297	 2.16
4298	 2.11
4299	 3.30
4300	 2.16
4301	 3.12
4302	 2.16
4303	 2.76
4304	 2.09
4305	 2.16
4306	 2.11
4307	 2.16
4308	 2.09
4309	 2.16
4310	 2.11
4311	 2.15
4312	 2.16
4313	 2.11
4314	 2.16
4315	 2.11
4316	 2.59
4317	 2.16
4318	 3.22
4319	 2.11
4320	 2.16
4321	 2.11
4322	 2.11
4323	 2.16
4324	 2.16
4325	 2.16
4326	 2.11
4327	 2.11
4328	 1.68
4329	 2.15
4330	 2.11
4331	 2.16
4332	 2.16
4333	 2.15
4334	 2.09
4335	 4.48
4336	 2.16
4337	 4.55
4338	 2.09
4339	 2.11
4340	 2.13
4341	 1.84
4342	 2.11
4343	 2.15
4344	 2.11
4345	 1.79
4346	 2.16
4347	 2.11
4348	 2.15
4349	 2.16
4350	 2.16
4351	 2.69
4352	 2.08
4353	 3.16
4354	 2.16
4355	 3.22
4356	 2.11
4357	 2.08
4358	 2.15
4359	 2.15
4360	 2.16
4361	 2.16
4362	 2.16
4363	 2.09
4364	 2.16
4365	 2.11
4366	 1.94
4367	 2.16
4368	 2.15
4369	 2.11
4370	 2.16
4371	 2.15
4372	 2.10
4373	 3.12
4374	 3.12
4375	 2.16
4376	 2.15
4377	 2.61
4378	 2.11
4379	 2.11
4380	 2.15
4381	 2.11
4382	 2.16
4383	 2.16
4384	 2.64
4385	 2.11
4386	 2.16
4387	 2.11
4388	 2.16
4389	 2.09
4390	 2.58
4391	 2.16
4392	 2.11
4393	 2.62
4394	 2.10
4395	 4.35
4396	 2.15
4397	 2.10
4398	 2.13
4399	 2.15
4400	 2.10
4401	 2.10
4402	 2.15
4403	 2.10
4404	 1.97
4405	 2.16
4406	 2.16
4407	 2.14
4408	 2.10
4409	 2.11
4410	 3.31
4411	 2.15
4412	 3.20
4413	 2.15
4414	 2.10
4415	 2.15
4416	 2.16
4417	 2.16
4418	 2.10
4419	 2.10
4420	 2.16
4421	 2.16
4422	 2.15
4423	 2.15
4424	 2.15
4425	 2.10
4426	 2.11
4427	 3.15
4428	 2.11
4429	 2.13
4430	 2.10
4431	 3.23
4432	 2.15
4433	 2.15
4434	 2.15
4435	 2.16
4436	 4.56
4437	 2.11
4438	 2.16
4439	 2.10
4440	 2.16
4441	 2.08
4442	 2.16
4443	 2.15
4444	 2.08
4445	 2.14
4446	 2.29
4447	 2.15
4448	 3.92
4449	 2.16
4450	 2.08
4451	 3.18
4452	 2.11
4453	 2.13
4454	 2.15
4455	 2.08
4456	 2.14
4457	 2.10
4458	 2.17
4459	 2.15
4460	 2.15
4461	 2.14
4462	 2.11
4463	 2.07
4464	 2.10
4465	 2.16
4466	 2.10
4467	 2.16
4468	 2.15
4469	 2.16
4470	 3.23
4471	 2.16
4472	 2.09
4473	 2.16
4474	 2.15
4475	 2.17
4476	 2.15
4477	 2.11
4478	 2.14
4479	 2.10
4480	 2.10
4481	 2.15
4482	 2.09
4483	 3.10
4484	 2.14
4485	 2.16
4486	 2.10
4487	 2.15
4488	 2.15
4489	 2.09
4490	 3.32
4491	 1.66
4492	 2.11
4493	 2.17
4494	 2.78
4495	 2.15
4496	 2.16
4497	 2.15
4498	 2.09
4499	 2.15
4500	 2.98
4501	 2.11
4502	 3.26
4503	 2.16
4504	 2.16
4505	 2.05
4506	 2.16
4507	 2.08
4508	 2.15
4509	 5.12
4510	 2.15
4511	 2.11
4512	 2.16
4513	 2.50
4514	 2.15
4515	 2.16
4516	 2.16
4517	 2.15
4518	 2.11
4519	 3.17
4520	 2.15
