174
174
174
174
174
174
174
174
174
174
174
174
174
174
174
174
174
174
174
174
174
174
174
174
174
174
174
174
174
174
174
174
174
174
174
174
174
174
174
174
174
36
36
48
11
24
11
11
11
11
11
11
54
11
11
18
11
5
11
48
36
48
9
9
6
6
6
5
6
6
9
6
6
9
12
6
6
6
9
6
6
6
9
9
6
6
6
5
11
5
18
54
54
48
54
54
54
54
54
54
54
54
54
195
195
195
195
195
195
195
195
195
195
195
195
195
195
195
195
195
195
195
195
195
195
234
234
234
234
234
234
234
234
234
234
234
234
234
234
234
234
234
234
234
174
174
174
174
174
156
174
195
234
260
195
195
195
195
195
234
195
174
174
174
174
174
234
195
195
176
176
174
174
174
174
176
234
234
234
234
234
260
260
234
234
702
702
585
527
702
585
702
434
585
585
585
585
527
702
585
585
702
702
585
585
585
54
54
54
54
54
54
54
54
54
54
54
54
54
54
54
54
54
54
54
54
54
54
54
54
54
54
54
54
54
54
54
54
54
54
48
54
54
54
54
54
54
405
405
405
405
405
405
405
405
405
405
405
405
405
405
405
405
405
405
405
405
405
174
174
174
174
174
174
174
174
174
174
174
174
174
174
174
174
174
174
174
174
174
174
174
174
174
174
174
174
174
174
174
174
174
174
174
174
174
174
174
174
174
174
174
174
174
174
174
174
174
174
174
174
174
174
174
174
174
174
174
174
174
174
174
174
174
174
174
174
174
174
174
174
174
174
174
174
174
174
174
174
174
174
174
174
174
174
174
174
174
174
174
174
174
174
174
174
174
174
174
174
174
174
174
174
174
174
174
174
174
174
174
174
174
174
174
174
174
174
174
174
174
174
174
174
174
174
174
174
174
174
174
174
174
174
174
174
174
174
174
174
174
174
174
174
174
174
174
174
174
174
174
174
174
174
174
174
174
174
174
174
174
174
174
174
117
117
117
117
117
117
117
117
117
117
117
117
117
117
156
174
174
87
87
87
87
87
87
87
87
87
87
78
87
87
87
87
87
87
87
87
87
87
87
87
87
174
174
174
174
174
174
174
174
174
174
174
174
174
174
174
174
174
174
174
174
174
174
174
174
174
174
174
174
174
174
174
174
174
174
174
174
174
174
174
174
174
174
174
174
174
174
174
174
174
174
174
174
174
174
174
174
174
174
174
174
174
174
87
87
87
156
174
174
174
174
174
174
174
174
174
174
174
174
174
174
174
174
174
174
174
174
174
174
174
174
174
174
174
174
174
174
87
87
174
174
174
78
87
87
87
87
87
87
87
87
87
87
87
78
87
87
78
52
87
87
87
87
87
87
87
87
87
87
87
87
104
78
104
104
104
104
104
104
104
104
104
104
104
174
174
174
174
174
174
174
174
174
174
174
174
174
174
174
174
174
174
174
174
174
87
87
87
78
78
78
78
104
104
174
174
174
174
174
174
174
174
174
87
87
87
87
87
87
87
87
87
174
174
174
174
174
174
174
174
174
174
174
174
174
174
87
87
87
87
87
87
87
87
87
87
87
87
87
87
87
87
87
87
87
87
87
87
87
87
87
87
87
87
87
87
87
87
87
87
87
87
87
87
87
87
87
87
87
87
87
87
87
87
87
87
87
87
87
87
87
52
52
87
87
87
87
87
87
87
87
87
87
87
87
87
87
87
87
87
65
65
65
65
59
78
117
117
